6.0	1019.9683152814493	99.03627280424065
6.1	1303.0608837414716	130.59792497160785
6.18	1567.6020189125718	163.93100414114832
6.24	1781.3944822729038	195.39292423919986
6.3	2007.3030583568848	233.77097567329068
6.35	2195.120496698286	272.20236546283473
6.4	2378.354116408929	317.34400144172275
6.44	2528.298934790137	358.43890122493815
6.48	2685.9042056822173	404.0382141244671
6.51	2804.9549639244356	439.88434736402326
6.54	2913.1075995625097	473.1364397731909
6.57	3006.9531575259175	502.25544342521806
6.6	3084.0171368926394	528.8143298222524
6.63	3147.2142825662786	553.6578426021944
6.65	3187.088095743576	569.5500154894769
6.68	3244.9214929509667	592.791905335133
6.7	3283.3346704958904	608.1640330949834
6.72	3323.783924269572	623.7409334508965
6.74	3358.0366928290628	639.3097961081595
6.76	3375.369329238515	654.2267445384919
6.78	3381.857900879452	668.1324629262305
6.81	3390.4243231455935	687.6731936681765
6.85	3399.6177146561986	712.0780679714705
6.86	3401.5236748087423	717.9415014278339
6.88	3405.0609208338733	729.3701569941506
6.89	3406.6573233057265	734.861984399504
6.9	3408.1733049107256	740.270057602396
6.92	3410.992039462556	750.7415756486926
6.93	3412.2693527867937	755.7206576632734
6.94	3413.459833361063	760.557928068798
6.95	3414.561561734906	765.3051459795494
6.97	3416.398080458354	774.5163873818724
6.98	3417.1593255186776	778.9887668530488
6.99	3417.885146234029	783.3901033217035
7.0	3418.571052836827	787.715231852624
7.04	3420.936146750564	804.3014330117339
7.08	3422.6722700494	819.460387306994
7.11	3423.657495514579	829.9158795662063
7.15	3424.6747328315096	843.1342842105848
7.18	3425.241475277773	852.5929178777692
7.2	3425.542269825101	858.602426272196
7.23	3425.910278255227	867.112565422547
7.26	3426.209358382845	875.03193466938
7.28	3426.371461213116	880.0448216785139
7.3	3426.517904794772	884.9325995593372
7.34	3426.760029269269	894.2742972116198
7.38	3426.942608410988	902.9740831021245
7.41	3427.0486602656865	909.0096626564651
7.45	3427.1551652912904	916.3625278450793
7.48	3427.2170687606717	921.3393795385823
7.51	3427.2643769456463	925.9089628869884
7.53	3427.291293038838	928.8163403141713
7.56	3427.3245932957266	932.9364257688324
7.58	3427.3416946104344	935.4999084078652
7.6	3427.3562740778257	937.9362505502368
7.62	3427.369033666863	940.2479150923108
7.64	3427.3795182817776	942.412776496986
7.66	3427.3872423103453	944.3985402288258
7.68	3427.3933654832845	946.246019978082
7.7	3427.3988582476363	947.9902758126879
7.74	3427.406450678316	951.0709953371763
7.78	3427.410724482433	953.711349220346
7.81	3427.4132172833256	955.4802458251338
7.85	3427.4152845412323	957.4630444524311
7.87	3427.415872818326	958.3064503728688
7.9	3427.425144082319	959.4799112526304
7.93	3427.4440646897706	960.4655667940311
7.95	3427.4573845994014	961.0005111857736
7.98	3427.478257408855	961.7222722458965
8.0	3427.4927627457632	962.1521679824053
8.3	3427.8191058022676	966.6536037529684
8.48	3428.1371943222357	966.7520238302055
8.6	3428.398826455122	966.7569223321689
8.7	3428.6351346911115	966.7611882573707
8.78	3428.8357667911755	966.7649571774529
8.85	3429.036214207991	966.7688095884183
8.9	3429.1885403192223	966.771616545314
8.95	3429.3527786339346	966.7747439649828
9.0	3429.538691387531	966.7784778813968
9.18	3430.4581233097006	966.8020135153066
9.3	3431.209950421278	966.8268319385734
9.4	3431.7767726592288	966.847968413664
9.48	3432.2023054954193	966.8657692588758
9.54	3432.5264885668566	966.8807132130887
9.6	3432.9046207232163	966.8983853138402
9.65	3433.2740836691005	966.9163830102717
9.7	3433.6778831355246	966.9364809448986
9.74	3434.0310222722082	966.9543744710481
9.78	3434.457185998961	966.9780443734177
9.81	3434.819675656827	966.9988766717579
9.85	3435.3924624946712	967.0321266366847
9.9	3436.3549266656146	967.0898330020626
9.95	3437.6427864269244	967.1671550925481
10.0	3439.357734736889	967.2700715447825
10.04	3441.112365806071	967.3775440582617
10.08	3443.290003156616	967.5124302975623
10.11	3445.130360347696	967.6280200978671
10.12	3445.7546811134584	967.6681470466858
10.13	3446.3914792111023	967.7091426000804
10.14	3447.0435439202624	967.7515700560311
10.15	3447.713720000805	967.7961690439281
10.18	3449.8754187453437	967.9406110821274
