6.0	278.50519556008544	26.794634170525754
6.1	359.1704113975605	35.28526148608333
6.18	439.3776078501691	43.93341758472471
6.24	510.7379969356052	51.732552985313596
6.3	591.9454262655265	61.04713251783886
6.35	666.9589059732044	70.29321466034062
6.4	745.0075163232501	81.4393388270683
6.44	807.5721062210567	92.06065933514715
6.48	870.932882946312	104.2307968645991
6.51	918.4225248992501	114.49560396375168
6.54	966.3670873481715	125.29165806953935
6.57	1014.7260350770584	136.0006546353727
6.6	1058.1457126205394	146.50812148173074
6.63	1093.6618859392368	157.1503439842982
6.65	1114.224704928293	164.43690247015147
6.68	1141.249293210673	175.2458802832463
6.7	1157.1621870222666	182.29771917387802
6.72	1171.7691183680718	189.24135482785505
6.74	1182.5461467186951	196.0781429531009
6.76	1189.1096159257868	202.74867122083268
6.78	1194.5160378500525	209.26745252426574
6.81	1201.7791470360546	218.84997604566922
6.85	1209.3229656678209	231.41474413019859
6.86	1210.7244479299934	234.55130620482774
6.88	1213.0640345949769	240.79338056770948
6.89	1214.0799708118268	243.87014184746448
6.9	1215.067924667657	246.93985495961635
6.92	1216.9661640206787	253.02097842656215
6.93	1217.8406634456576	255.99605964010402
6.94	1218.6644665080412	258.93057319021665
6.95	1219.4492564464958	261.82021632399506
6.97	1220.8997085257588	267.4645490690931
6.98	1221.5263472524427	270.21380385484645
6.99	1222.0876465519996	272.9206971178966
7.0	1222.6378864075862	275.61322991651093
7.04	1224.711688549778	286.29809430670804
7.08	1226.4896557277298	296.7041288165874
7.11	1227.5497592172294	304.1599180635673
7.15	1228.6804145527867	313.55937010889016
7.18	1229.3978737890932	320.28639243049753
7.2	1229.7992351642	324.617584101553
7.23	1230.3001974946874	330.8803769105996
7.26	1230.6722901867906	336.83350739460326
7.28	1230.8549756708308	340.6172685419069
7.3	1231.0196056204577	344.2787753989521
7.34	1231.2952509237039	351.3732697561537
7.38	1231.512791487885	358.23662791223086
7.41	1231.644573251952	363.19933352624565
7.45	1231.7855239365376	369.5152658910356
7.48	1231.8685199094398	373.97194646237364
7.51	1231.93606292123	378.15521166318376
7.53	1231.9750550173346	380.8209011297152
7.56	1232.0248411117977	384.7053706214732
7.58	1232.0533326383031	387.2194454162753
7.6	1232.0787827795114	389.6717422745146
7.62	1232.1001592085327	392.03535691486934
7.64	1232.1184585515305	394.31549060464647
7.66	1232.1349765517718	396.5266355925091
7.68	1232.1494031119598	398.6558832495775
7.7	1232.161053680238	400.67021428749473
7.74	1232.179371223764	404.44933590044633
7.78	1232.1926671956537	407.91565470986063
7.81	1232.1994226894308	410.30649509238754
7.85	1232.2066627921563	413.27797018428265
7.87	1232.2091093501203	414.62594647936504
7.9	1232.2117006953006	416.5190227727698
7.93	1232.2139074350184	418.3223147226897
7.95	1232.2150721672344	419.4423810987659
7.98	1232.2162262175414	420.9558776103871
8.0	1232.2167483456376	421.8806892118096
8.3	1232.2926948306447	432.89698654789765
8.48	1232.4986659589567	434.28413021072623
8.6	1232.741392118676	434.400452243428
8.7	1232.9613252038546	434.41223045020286
8.78	1233.1464341768108	434.41627068669743
8.85	1233.3234291214649	434.41938113061474
8.9	1233.453949290347	434.42139173097667
8.95	1233.6054030652642	434.4239259510483
9.0	1233.7889040751284	434.42709140942503
9.18	1234.711665209921	434.4460836171166
9.3	1235.4812817507657	434.46530821852974
9.4	1236.2040806731425	434.48629378808334
9.48	1236.8030405650466	434.50773439248997
9.54	1237.2484670464462	434.5269232454797
9.6	1237.6861755657417	434.5478217094769
9.65	1237.992241432114	434.56352372193516
9.7	1238.3623920436416	434.5803258647183
9.74	1238.7199486689437	434.5964418298143
9.78	1239.1300378502954	434.6188260657359
9.81	1239.5063921545986	434.6408065306506
9.85	1240.1931805228198	434.6817714023054
9.9	1241.3635447724043	434.7520069915777
9.95	1242.807538779235	434.83891295374474
10.0	1244.5895782467696	434.94764489606064
10.04	1246.3204121952206	435.05332641273554
10.08	1248.3588510620598	435.18079556057313
10.11	1250.3513005126056	435.30638415862114
10.12	1251.1972126554074	435.3612657775092
10.13	1252.1454707555463	435.4251429013288
10.14	1253.1499012986505	435.4939182698864
10.15	1254.2115579417684	435.56794336172914
10.18	1257.7171159283319	435.8183201390193
