6.0	334.2768222210256	22.161183184138046
6.1	436.93313773717455	28.933072807857645
6.18	540.8045995960705	35.77257115943101
6.24	634.3331186063681	41.939619776778
6.3	744.4076577304706	49.28924954334488
6.35	850.8783979851726	56.52979455066078
6.4	969.2203588958895	65.30076169591067
6.44	1071.0447087788307	73.87971231158853
6.48	1179.4497983650713	83.90010610252713
6.51	1265.76491712131	92.45677183581779
6.54	1354.0248067749797	101.98374715563229
6.57	1437.9443738363766	112.22914852813531
6.6	1511.5018405040587	122.62399772022651
6.63	1575.123984338566	132.94739563145
6.65	1614.3651840105967	139.99012951947833
6.68	1669.355241525984	150.93205182709428
6.7	1703.6975375797533	158.39008516267916
6.72	1736.3864605463327	165.89483088345466
6.74	1766.8154208961837	173.3529825289995
6.76	1793.8437516710658	180.8471087103115
6.78	1818.4611890963672	188.51157289348674
6.81	1852.993941882056	200.03507722697063
6.85	1894.2556187831858	215.29629111400118
6.86	1903.808229643062	219.1504047833186
6.88	1921.5278246040962	227.05830522230636
6.89	1929.297169982438	231.1204815122485
6.9	1936.549830562856	235.26153056301726
6.92	1950.5913164627752	243.64466706521262
6.93	1957.249254248662	247.85978034373176
6.94	1963.5888765935467	252.0934388853936
6.95	1969.7185352269091	256.33506847463843
6.97	1981.0467013556188	264.8250327504932
6.98	1986.2149471213077	269.06478599084454
6.99	1990.9665405281999	273.2672561467162
7.0	1995.028188660546	277.4455799193084
7.04	2008.3629454255165	293.87166456787816
7.08	2018.982455989351	309.98210976501144
7.11	2024.9823146634753	322.04580719230586
7.15	2030.1925087761692	337.82203044783637
7.18	2032.961780286057	349.19755696330685
7.2	2034.6571057698882	356.53845011467416
7.23	2036.820872001393	367.2405484553948
7.26	2038.5719439668183	377.6243630079992
7.28	2039.6204257671504	384.441350508098
7.3	2040.6053102209376	391.1605277815244
7.34	2042.3333253509222	404.36686874795186
7.38	2043.7257536361883	417.4361252378985
7.41	2044.7027794124604	427.2245351250016
7.45	2046.0946499429351	440.165511105791
7.48	2047.233588345338	449.70580231313977
7.51	2048.572143496592	459.01983238049485
7.53	2049.6583979709317	465.0768470416927
7.56	2051.458408621402	474.05734451575495
7.58	2052.6235757916797	479.9948192727866
7.6	2053.7191766453643	485.8678929621711
7.62	2054.7323244058343	491.6835866167493
7.64	2055.6489731423735	497.4520429846911
7.66	2056.3883166669407	503.1490879642005
7.68	2056.971005298573	508.75321495155964
7.7	2057.5195749758827	514.2628451335394
7.74	2058.5748684648347	525.0163227611612
7.78	2059.5085166519298	535.4952508435498
7.81	2060.055750696739	543.2234625507887
7.85	2060.6008987100217	553.3108340974505
7.87	2060.8247721960674	558.2623648819094
7.9	2061.1052813526962	565.5731817568751
7.93	2061.3281906465218	572.7219981161846
7.95	2061.4581051611026	577.3931711893227
7.98	2061.594768808637	584.2549838898404
8.0	2061.6490243760372	588.7422149962487
8.3	2062.393680340678	655.7468323331123
8.48	2062.761460414074	685.2559992126377
8.6	2063.000315419545	700.4638346160083
8.7	2063.1811979187655	710.6302996895212
8.78	2063.330824159975	717.3345844896326
8.85	2063.4718275655537	722.0905015820977
8.9	2063.58652149326	724.8730856327759
8.95	2063.70154229163	727.3114961233235
9.0	2063.801942570515	729.4985904363701
9.18	2064.3846787579914	734.8006523021187
9.3	2064.984075219726	735.5933412412904
9.4	2065.577434508108	735.6846043547207
9.48	2066.148148759622	735.7116843915039
9.54	2066.6979131503267	735.7246853517915
9.6	2067.2317593363778	735.7377018351181
9.65	2067.691970340407	735.7427544034952
9.7	2068.170543946182	735.7479988192753
9.74	2068.447507657392	735.751593375278
9.78	2068.8005030923537	735.7555919756799
9.81	2069.2559973043226	735.7616310542145
9.85	2069.8198582969544	735.7699122070671
9.9	2070.358187335883	735.784373928024
9.95	2070.9279740085367	735.8173065422242
10.0	2071.327543543275	735.8417188747896
10.04	2071.6976309262463	735.8627772342793
10.08	2072.0914811888383	735.8854592652613
10.11	2072.516824153794	735.8918614669885
10.12	2072.6945098710826	735.8942857222956
10.13	2072.8434244740506	735.8957212726241
10.14	2073.007721965448	735.8979840835162
10.15	2073.189954650497	735.9042647247234
10.18	2073.658408622544	736.0440484332237
