6.0	264.270142677974	29.95922369173053
6.1	337.85165506837023	39.39569784820256
6.18	407.0480626827339	49.25897925190118
6.24	463.43361939306925	58.48469960471242
6.3	523.4848777069747	69.66862819006438
6.35	573.7161228914836	80.82576498556449
6.4	622.8828896657585	93.9190558338494
6.44	663.2949524108651	105.85634107319906
6.48	705.5138823107977	119.15256343498704
6.51	737.3381691535029	129.77245073528272
6.54	766.9965586862456	140.04885898941077
6.57	793.7359114708927	149.55811643859928
6.6	816.4119233679079	158.6130022896187
6.63	835.4666428508887	167.39275884592618
6.65	847.6693961341043	173.14734661834183
6.68	865.7105258219215	181.71972617475967
6.7	877.8957500857441	187.47145156285822
6.72	890.7851620161932	193.339122096295
6.74	901.8285865409011	199.25298901415303
6.76	907.6928537433954	205.01380999498005
6.78	910.2037566815227	210.50734236165056
6.81	913.5795504946852	218.4025448049965
6.85	917.2828013262368	228.49897966526373
6.86	918.0640246983576	230.9618770317564
6.88	919.5284895594733	235.8085135708338
6.89	920.1976536494294	238.1651725290161
6.9	920.8369864846065	240.49960220956962
6.92	922.035228756699	245.06298515382574
6.93	922.5835764426571	247.25942669142387
6.94	923.0976027331511	249.40857527454878
6.95	923.5760329881201	251.52964239052594
6.97	924.3794113352329	255.6761752765114
6.98	924.7151946725323	257.7050045861269
6.99	925.0372999596541	259.7132324487599
7.0	925.3436780246076	261.69840583825936
7.04	926.4136768008639	269.41083009534924
7.08	927.2169361585671	276.62369363267203
7.11	927.6813192768386	281.703436294537
7.15	928.1687156344178	288.2390560685647
7.18	928.4453505660844	292.9915135048901
7.2	928.5942841765715	296.0485776612215
7.23	928.778946721933	300.4337005550913
7.26	928.9312622676567	304.5787491462516
7.28	929.014915788279	307.2342626752046
7.3	929.0912067007382	309.844933035401
7.34	929.2188626280697	314.8930668094688
7.38	929.3169379199293	319.6723283415211
7.41	929.3748389768854	323.03928972192335
7.45	929.433981833096	327.2066345913771
7.48	929.4689126741706	330.0752410759007
7.51	929.4959812822001	332.74489196653576
7.53	929.5115501170899	334.45987370531304
7.56	929.5309872554118	336.9119788748816
7.58	929.541079671385	338.4528956438588
7.6	929.5497592219871	339.92911193212177
7.62	929.557419005838	341.3409301116939
7.64	929.5637653434744	342.6737849604371
7.66	929.5684833614179	343.9068381561234
7.68	929.5722601312056	345.0639756075579
7.7	929.5756744442211	346.16552351618765
7.74	929.5804416502565	348.13391840157357
7.78	929.5831790547569	349.8474861258821
7.81	929.5847973360156	351.01031475450515
7.85	929.5861565025558	352.3311883830584
7.87	929.5865491147806	352.8999281574577
7.9	929.5924194695871	353.6974140642757
7.93	929.6044233366885	354.37437600500544
7.95	929.612944620595	354.7459880658686
7.98	929.6264212018716	355.25179637778314
8.0	929.6358771959444	355.55587047227226
8.3	929.8620981518925	358.759512770446
8.48	930.1005670968016	358.837528284404
8.6	930.3064881398731	358.84144382858426
8.7	930.4993274277837	358.8449303249071
8.78	930.6683031091264	358.8481056920266
8.85	930.8411974080029	358.85142903989987
8.9	930.9752364788325	358.853897832911
8.95	931.1223002426406	358.85670021505797
9.0	931.2915992086494	358.8600995166336
9.18	932.1715626498943	358.88282222153845
9.3	932.9306048376101	358.9079166174192
9.4	933.5255900809796	358.93012015343106
9.48	933.9844225502567	358.9493304911178
9.54	934.341359216061	358.9657855286566
9.6	934.7647762595461	358.9855706784616
9.65	935.1851336773409	359.0060524211797
9.7	935.6509144497879	359.0292297682868
9.74	936.06323850452	359.050125213222
9.78	936.5661282779026	359.07806315761025
9.81	936.9975800884995	359.10285641452253
9.85	937.6853442608294	359.1427811219164
9.9	938.8531147990527	359.2128007356391
9.95	940.4339853972835	359.3077075578233
10.0	942.5642796148906	359.43555522900346
10.04	944.7671306633341	359.57049065035767
10.08	947.5282735636736	359.7415165583751
10.11	949.8853557393666	359.88957120931144
10.12	950.6901183708846	359.9412970656026
10.13	951.5123685801045	359.9942335577361
10.14	952.3558141131317	360.0491181619375
10.15	953.2241747976599	360.1069117079773
10.18	956.0355045363362	360.294773655227
