6.0	1775.6154224355823	119.8369451744578
6.1	2308.94484794967	157.4561649045143
6.18	2838.1314528775038	196.3181408489299
6.24	3301.9693645013367	232.49421293132718
6.3	3835.0560275657217	276.38973384504277
6.35	4334.016098590188	320.09238867886506
6.4	4879.368249501874	372.19923097987197
6.44	5345.660110361153	421.8648231928391
6.48	5800.881368206308	480.73102087524967
6.51	6166.069274764197	529.8313710853492
6.54	6533.189046730023	579.3901720560638
6.57	6856.760893729306	627.0441188310498
6.6	7158.021783259569	671.3815779590574
6.63	7402.635969237882	713.8355307058348
6.65	7536.045672770816	742.648963797079
6.68	7705.099173053828	786.9934381010117
6.7	7793.281001502079	816.7624070411396
6.72	7868.168226638944	845.722845730496
6.74	7932.329097553335	873.3882200896697
6.76	7983.731886867494	899.9715525666222
6.78	8027.796754621028	925.8857974753024
6.81	8083.450926905997	962.7570143561367
6.85	8138.626115838389	1009.8385992628603
6.86	8150.057167767599	1021.6625982283703
6.88	8171.355456843521	1045.224408714666
6.89	8180.9963146121845	1056.822605046533
6.9	8190.065733376745	1068.4118434825054
6.92	8206.013750342328	1091.4751671523607
6.93	8212.630538283383	1102.7951062062468
6.94	8217.861375552084	1113.9705657707332
6.95	8222.021462016482	1125.0035157950472
6.97	8229.869967124394	1146.5157647616822
6.98	8233.54599896578	1156.9560138786376
6.99	8237.038291476438	1167.0622035257616
7.0	8240.341524635753	1176.928920422209
7.04	8251.546018425493	1215.7381516345604
7.08	8259.293979495165	1253.121498059348
7.11	8263.578189086731	1280.054986893617
7.15	8268.382267284464	1314.2549003623637
7.18	8271.084976480135	1338.4769523638636
7.2	8272.516301941454	1353.9910372096097
7.23	8274.46009687768	1376.3538496011158
7.26	8276.09712166356	1397.4138533278747
7.28	8276.987389042028	1410.6076442485312
7.3	8277.752238185532	1423.131688811095
7.34	8278.975058070735	1446.6650330620666
7.38	8279.87480284547	1468.839857361965
7.41	8280.425727068201	1484.8270323948298
7.45	8281.010556721103	1505.1688312087342
7.48	8281.363555091095	1519.589220943886
7.51	8281.645128842101	1533.1395173726323
7.53	8281.81155103297	1541.7670594858143
7.56	8282.024512367083	1554.2603526450755
7.58	8282.143606021771	1562.3229131317041
7.6	8282.253503328806	1570.2269948166213
7.62	8282.352163225156	1577.9182266414157
7.64	8282.436018962715	1585.3213884368927
7.66	8282.508768473102	1592.469951519117
7.68	8282.57459813707	1599.3730998060696
7.7	8282.632127869616	1605.9798824590084
7.74	8282.725453276922	1618.3979656239894
7.78	8282.794644353044	1629.8369424017494
7.81	8282.833022559804	1637.7940944982752
7.85	8282.872523681004	1647.6454719368949
7.87	8282.887752318578	1652.2182909372539
7.9	8282.905310180744	1658.7076865451763
7.93	8282.91979433205	1664.8675967165807
7.95	8282.927712703748	1668.7360863951353
7.98	8282.93629300005	1674.0794396638262
8.0	8282.940446816157	1677.370243372711
8.3	8283.130883634207	1718.432829030938
8.48	8283.593004649658	1726.9516212906447
8.6	8284.075422211725	1729.2004730834774
8.7	8284.48392489192	1729.768937718354
8.78	8284.873424165042	1729.8825674784455
8.85	8285.230230787301	1729.9001466308569
8.9	8285.486383327665	1729.9058578212964
8.95	8285.769030812555	1729.9115896552214
9.0	8286.083090962105	1729.9165536217229
9.18	8287.446565932793	1729.9407847712755
9.3	8288.564726557222	1729.9666219033509
9.4	8289.657294183253	1729.9967053509818
9.48	8290.6761668161	1730.0306172311452
9.54	8291.419134191077	1730.0585162400853
9.6	8292.14261052525	1730.0833931158306
9.65	8292.823483185784	1730.102593741342
9.7	8293.467102006429	1730.1218266152969
9.74	8293.940378070274	1730.1410728468584
9.78	8294.40391927909	1730.1651217476294
9.81	8294.753624194644	1730.1849986126501
9.85	8295.219899140639	1730.2129352304275
9.9	8295.848920126022	1730.2428776444126
9.95	8296.532073177785	1730.2705540578154
10.0	8297.259305734522	1730.3042841931426
10.04	8297.936337121366	1730.3394356134365
10.08	8298.757036805557	1730.3857548645674
10.11	8299.519302616727	1730.4277008674899
10.12	8299.817372031499	1730.4450496296417
10.13	8300.254354597668	1730.472546027777
10.14	8300.953141696142	1730.5187132855476
10.15	8301.906464608343	1730.5819160931214
10.18	8305.61332505875	1730.8394940442327
