6.0	1724.5173467823456	130.25045472602088
6.1	2223.515471000508	172.42917111492838
6.18	2715.58969422296	215.9122509665231
6.24	3152.215706037754	255.1502585180184
6.3	3648.4939147769933	302.12439818760595
6.35	4108.180942705934	348.8321346390976
6.4	4592.775872988501	405.1905837962757
6.44	4989.666463342981	458.92761049825367
6.48	5402.546196924061	520.391104918657
6.51	5724.645450649748	570.7709651047846
6.54	6009.807629998063	620.6157380046162
6.57	6245.326518128683	667.4644765582377
6.6	6450.125540304596	711.802125499635
6.63	6611.398216763904	755.4087394311485
6.65	6702.769521356645	784.8072138100389
6.68	6819.384367477628	827.5400654009787
6.7	6886.206656190853	854.7865675790355
6.72	6946.596336204532	881.1507992237787
6.74	6990.121409828522	906.6416587439986
6.76	7015.404708698194	931.0382711456073
6.78	7035.604043493294	954.498902951595
6.81	7062.2543461863925	988.4049815025495
6.85	7089.4044239813975	1031.9463666209936
6.86	7094.3749392820455	1042.6861261011677
6.88	7102.6007931713975	1063.8959302531382
6.89	7106.123822201172	1074.2498145645482
6.9	7109.530702688738	1084.5306121804651
6.92	7116.027071089955	1104.740412001701
6.93	7118.986264865492	1114.5307593265593
6.94	7121.754412968963	1124.127508542847
6.95	7124.3758436643375	1133.518091279732
6.97	7129.180960698909	1151.6935682927563
6.98	7131.237218078	1160.4650183494853
6.99	7133.066221702673	1169.0497292629939
7.0	7134.850511914824	1177.5463765847535
7.04	7141.507504392416	1210.9152398930169
7.08	7147.112194834789	1242.8398633146485
7.11	7150.397788085136	1265.331107587458
7.15	7153.841704634777	1293.1836801769355
7.18	7155.992330787946	1312.7756777854001
7.2	7157.182219155099	1325.245223868195
7.23	7158.651628890271	1343.0688453021742
7.26	7159.728247885524	1359.766005704857
7.28	7160.249148761064	1370.2434089870455
7.3	7160.714108885375	1380.281134115706
7.34	7161.48339084056	1399.4966436362886
7.38	7162.080442200275	1417.805929774675
7.41	7162.436573428902	1430.860963746508
7.45	7162.811884579319	1447.2412633818178
7.48	7163.0291972877985	1458.6207652029132
7.51	7163.203593437612	1469.1552855289494
7.53	7163.303205127168	1475.7954983689115
7.56	7163.429239738709	1485.390021246888
7.58	7163.5006517727115	1491.5454239581343
7.6	7163.563977363234	1497.5080408761062
7.62	7163.616743244355	1503.2115980154013
7.64	7163.661538443642	1508.6720986326134
7.66	7163.7016647864975	1513.9282740759672
7.68	7163.736415806509	1518.950067485198
7.7	7163.764250535031	1523.6625433158322
7.74	7163.807555468994	1532.4082170392467
7.78	7163.8385738283005	1540.316050692321
7.81	7163.854083736478	1545.699972381927
7.85	7163.870507700192	1552.311999902475
7.87	7163.875988674382	1555.276270032313
7.9	7163.881730672366	1559.4033454959078
7.93	7163.886573842561	1563.2995576056876
7.95	7163.889108692721	1565.6997750330786
7.98	7163.89159465978	1568.9127442588958
8.0	7163.892705501786	1570.8573049047102
8.3	7164.048642458622	1593.698739622697
8.48	7164.456875117352	1596.3207981215023
8.6	7164.920467984639	1596.5287141756935
8.7	7165.327126058731	1596.5494378472958
8.78	7165.659906550211	1596.556623165167
8.85	7165.971471473868	1596.5620928212886
8.9	7166.197020723268	1596.5655669262546
8.95	7166.454969245899	1596.5698784505432
9.0	7166.7629609051755	1596.5751941647638
9.18	7168.245565575419	1596.60546448981
9.3	7169.418156505948	1596.6347533215292
9.4	7170.478589453124	1596.6654883697424
9.48	7171.3395049044275	1596.6962734466445
9.54	7171.966887666606	1596.7232916245682
9.6	7172.5760761580805	1596.752361292654
9.65	7172.995807743981	1596.7738950622665
9.7	7173.498382514171	1596.7967194831288
9.74	7173.979550628198	1596.8183986247104
9.78	7174.526924045853	1596.8482639984427
9.81	7175.025379943962	1596.877377972923
9.85	7175.927793136444	1596.9311951254253
9.9	7177.450473548062	1597.022587865619
9.95	7179.308693791896	1597.1344105470423
10.0	7181.575924447042	1597.2727550378283
10.04	7183.765681039695	1597.4064552482946
10.08	7186.344806196217	1597.5677364605042
10.11	7188.8683051408725	1597.7267987234588
10.12	7189.940233350624	1597.796343826875
10.13	7191.142195466626	1597.8773096502446
10.14	7192.415804875124	1597.9645145019992
10.15	7193.762474428473	1598.0584092804409
10.18	7198.211943111954	1598.376176891461
