6.0	1968.8470526174292	103.7779012345855
6.1	2577.23246012896	135.79834015459383
6.18	3194.6535444576257	168.28050421976067
6.24	3752.059164758605	197.68527080309414
6.3	4407.584445696796	233.17612835272095
6.35	5035.987117227767	268.92019757233794
6.4	5715.6648745560315	313.8066442835903
6.44	6292.719643639857	358.2943771275155
6.48	6913.400346772425	410.20889983038404
6.51	7394.674476996209	453.3650189138503
6.54	7845.689118605992	497.99039053845314
6.57	8239.319529788543	543.5813553436413
6.6	8568.27786990141	588.4496788859182
6.63	8839.868134100445	631.3003735988982
6.65	9003.895250193389	659.8709363730107
6.68	9229.484360773002	703.5622876717196
6.7	9367.557808258769	732.8321786337955
6.72	9497.223598472727	761.8239272269909
6.74	9616.276645497954	790.0740218868737
6.76	9720.461639997184	817.9241605603202
6.78	9814.097656914866	846.0641778452729
6.81	9943.246642768443	887.6349172496391
6.85	10094.151224160194	941.1936655839203
6.86	10128.615767277784	954.5007299508001
6.88	10192.072479616743	981.6262648863453
6.89	10219.626300763304	995.4525095472331
6.9	10245.214586521788	1009.4947081133489
6.92	10294.382942361155	1037.7309993807303
6.93	10317.477406792594	1051.8079862390994
6.94	10339.317359865778	1065.8691507459635
6.95	10360.326223830845	1079.8759021978733
6.97	10398.802636967188	1107.6706120268714
6.98	10416.178623200913	1121.4274920617408
6.99	10432.043550146334	1134.9608274998
7.0	10445.48162015322	1148.3179023702296
7.04	10488.973511285487	1200.000451059984
7.08	10522.79670773542	1249.4780003252065
7.11	10541.520685991001	1285.8660077318937
7.15	10557.396651526373	1332.5296544835733
7.18	10565.60274201325	1365.4667431699238
7.2	10570.555284611879	1386.4013529482115
7.23	10576.774849982688	1416.5197190315318
7.26	10581.691643728689	1445.2826800841333
7.28	10584.586002521235	1463.9252632128614
7.3	10587.27261129562	1482.106556238483
7.34	10591.897098235711	1517.316385136004
7.38	10595.506650627201	1551.5332261426906
7.41	10597.990119546845	1576.7879633007235
7.45	10601.508056945475	1609.6764347173093
7.48	10604.364294160758	1633.530081227222
7.51	10607.70972812924	1656.4769490780548
7.53	10610.421712304678	1671.2087660185682
7.56	10614.897751265205	1692.8176240284101
7.58	10617.766854493731	1706.9614107742045
7.6	10620.434544671034	1720.8374334202001
7.62	10622.87098189022	1734.4645061947188
7.64	10625.049036452663	1747.870594999402
7.66	10626.778920173894	1760.999881470109
7.68	10628.116501926956	1773.8015132381709
7.7	10629.363702664547	1786.2739470459044
7.74	10631.74308830044	1810.307925663241
7.78	10633.826061095544	1833.3372915368905
7.81	10635.033026271498	1850.0837787645796
7.85	10636.219354819215	1871.6379011913543
7.87	10636.701354354764	1882.089411216188
7.9	10637.300890160668	1897.3740621628058
7.93	10637.771928839225	1912.1431877662724
7.95	10638.044583417239	1921.6961056998362
7.98	10638.32927429114	1935.5936616112058
8.0	10638.440677037432	1944.5947791027968
8.3	10639.933199044013	2074.794609141331
8.48	10640.62351271657	2126.9314618399676
8.6	10641.054886308493	2152.437497140004
8.7	10641.371713525736	2168.9355510694672
8.78	10641.627003402167	2179.5598213401804
8.85	10641.862941996358	2186.9449562080786
8.9	10642.051078782415	2191.1966042563467
8.95	10642.237271802507	2194.880052388427
9.0	10642.397133383185	2198.148277570223
9.18	10643.28662222188	2205.980228695296
9.3	10644.165073721077	2207.115095591224
9.4	10645.00722136886	2207.242706664056
9.48	10645.798586364448	2207.2801684317897
9.54	10646.546917612946	2207.2977571088886
9.6	10647.265386833571	2207.3152861310973
9.65	10647.874651953663	2207.321968738226
9.7	10648.503025163698	2207.328842191109
9.74	10648.862232179952	2207.333501695441
9.78	10649.315637449956	2207.3386395507373
9.81	10649.895829586385	2207.346327200076
9.85	10650.611283978957	2207.35683540447
9.9	10651.292252288105	2207.375132685212
9.95	10652.013798046115	2207.4168485811856
10.0	10652.520759928542	2207.4477955359866
10.04	10652.991021729064	2207.4745635552654
10.08	10653.492003393621	2207.503401032774
