6.0	1791.7018488481692	89.98854124875795
6.1	2347.547678197541	117.62530812912144
6.18	2912.428968067765	145.59247343499956
6.24	3423.5058723338516	170.81796490901147
6.3	4031.2317259507918	200.72767565447933
6.35	4626.588131837899	230.00354650048962
6.4	5310.612945122744	264.9553993621176
6.44	5915.079559697742	299.72037051214465
6.48	6539.784524228218	342.4300805384512
6.51	6992.522839004659	378.5263689049963
6.54	7409.084042926889	415.3961966569244
6.57	7796.967333072076	451.86023828314956
6.6	8165.46664676519	487.0524385919809
6.63	8510.03170023597	521.3641300435435
6.65	8726.54968473688	544.5348895610911
6.68	9034.33659668372	579.8291092119011
6.7	9227.779598783054	604.0685170361569
6.72	9412.52902758049	629.4756855263659
6.74	9586.124261415465	655.4475419944523
6.76	9742.820874339828	681.5322580242205
6.78	9887.179116952979	708.1839396476113
6.81	10085.413350589444	748.0995289070926
6.85	10315.427735430687	799.5700691232936
6.86	10368.466925942721	812.2378832084321
6.88	10466.068989343277	838.1209196500747
6.89	10510.2718960629	851.2422463015674
6.9	10553.698739339103	864.4589814676658
6.92	10637.554714822003	891.1135858473797
6.93	10677.102053281931	904.4798547496848
6.94	10714.822017099008	917.8835827090719
6.95	10750.719253044479	931.3117003752731
6.97	10816.362204498455	958.2252800869595
6.98	10845.75500689651	971.7000861378996
6.99	10871.202813790129	985.167546052296
7.0	10893.331429489925	998.539994405424
7.04	10974.084366017461	1049.9107940139415
7.08	11040.664271532898	1099.2464397568663
7.11	11077.484033864492	1135.913603339541
7.15	11113.380259793546	1183.1180735592286
7.18	11135.46219362851	1216.5861433932719
7.2	11147.364386331663	1238.147040875096
7.23	11159.461048895064	1269.9926074166842
7.26	11167.240564639069	1300.9051187708922
7.28	11171.892769214734	1320.666787971994
7.3	11176.081487088184	1339.6318337156754
7.34	11182.803575197315	1375.256756223439
7.38	11187.836763529265	1408.8576432959107
7.41	11191.012629563607	1433.4878773304654
7.45	11194.029336909001	1465.1751865667454
7.48	11195.518454187653	1487.7936440003218
7.51	11196.820510991449	1509.337642986712
7.53	11197.574895975627	1523.0833905008299
7.56	11198.507076161673	1542.8963913024359
7.58	11199.010609349836	1555.5169212589194
7.6	11199.441982447597	1567.5724358787704
7.62	11199.767011999387	1578.7374467863497
7.64	11200.013891639624	1589.1832029088719
7.66	11200.240426127164	1599.3840290077426
7.68	11200.4385573255	1609.2780879654051
7.7	11200.604805480554	1618.8623124109126
7.74	11200.883927532228	1637.3289957837053
7.78	11201.105215673413	1654.8669856020392
7.81	11201.237337913364	1667.4483658886704
7.85	11201.37961709215	1683.49393571685
7.87	11201.438549520004	1691.2320440999179
7.9	11201.526138485611	1702.6104959165461
7.93	11201.606002594881	1713.584338199951
7.95	11201.650909565446	1720.640319572377
7.98	11201.706992570207	1730.9468530057475
8.0	11201.734717286061	1737.5740835659087
8.3	11201.991509754767	1829.714721361818
8.48	11202.0114227269	1861.9315771819108
8.6	11202.0155838706	1875.587095906436
8.7	11202.146915031903	1884.1099420111568
8.78	11202.402570501306	1889.5800710354113
8.85	11202.650284211722	1893.620730266373
8.9	11202.816970305761	1896.1386870981808
8.95	11202.991218638235	1897.9637301816188
9.0	11203.178451360636	1899.1981181846718
9.18	11203.924200526617	1901.7311208466083
9.3	11204.564171075632	1901.943785144153
9.4	11205.167266623594	1901.9821545744585
9.48	11205.69005606017	1901.9883505034234
9.54	11206.14333013489	1901.9928723910673
9.6	11206.709430758965	1901.998204513448
9.65	11207.489780698583	1902.008902409095
9.7	11208.287015062144	1902.0205634159279
9.74	11208.706102015612	1902.0251213279346
9.78	11209.453509354396	1902.0327700871205
9.81	11210.028598309054	1902.0386968830728
9.85	11210.646786809319	1902.049717611394
9.9	11211.472538965165	1902.0650003303504
9.95	11212.054513888977	1902.0726504086726
10.0	11212.625416562094	1902.080610369469
10.04	11213.06098382241	1902.086388657255
