6.0	1325.5679389508907	187.34002120652593
6.1	1609.1368801203587	248.52270152554567
6.18	1850.890200333695	311.9334705109039
6.24	2035.2307524256644	369.68129648756985
6.3	2211.6571034058443	437.52339813054994
6.35	2342.5278024411987	501.7874371578838
6.4	2476.2367716217777	570.3225642853224
6.44	2613.397644270188	620.6150904275469
6.48	2756.0300910494275	664.2311673305512
6.51	2835.944304368009	695.0314485733608
6.54	2894.386160057623	723.1050770577009
6.57	2948.037672074826	748.925636363552
6.6	3008.612358328646	774.286676775541
6.63	3092.2623017092374	800.0937947943065
6.65	3156.9041342503883	817.8085284480926
6.68	3230.922206734463	844.9826495122452
6.7	3257.1422943566395	863.1121908185631
6.72	3268.557863854231	880.4227485295073
6.74	3273.041581223434	895.8165339820673
6.76	3276.0286318829735	909.0457438990321
6.78	3278.547605053799	921.0998517210704
6.81	3281.66861497007	937.578933312375
6.85	3284.994756796533	957.5464886203364
6.86	3285.746286457524	962.4356984771497
6.88	3287.127351117336	971.951599327491
6.89	3287.739277793812	976.5112480580857
6.9	3288.3222856651437	981.0173823833608
6.92	3289.4133170943032	989.9065489981643
6.93	3289.9092543207157	994.2396396675439
6.94	3290.3716165501855	998.4974809643105
6.95	3290.7970339684693	1002.6805285225929
6.97	3291.5514131843306	1010.8217982920817
6.98	3291.8917614190295	1014.7934427458432
6.99	3292.212972602667	1018.6985552638563
7.0	3292.513935948134	1022.5383333197284
7.04	3293.5007529747377	1037.2617288453837
7.08	3294.2123366107335	1050.8454139314604
7.11	3294.6224603350906	1060.1748511675871
7.15	3295.0409172581553	1071.7023829708055
7.18	3295.289126233055	1079.8605550319296
7.2	3295.422035670171	1085.0472723517428
7.23	3295.5972355549425	1092.4805508692948
7.26	3295.73404917269	1099.3580808960915
7.28	3295.8055553501526	1103.610387652913
7.3	3295.8688548632235	1107.6334715440084
7.34	3295.968585227904	1114.9182334858144
7.38	3296.0395189472697	1121.3539542533942
7.41	3296.07883078623	1125.7366948278109
7.45	3296.1164355958945	1131.0257315261697
7.48	3296.1386807187155	1134.6295208322351
7.51	3296.1544185258003	1137.8122219239033
7.53	3296.161917011634	1139.7085897576208
7.56	3296.1713775035596	1142.3162689927701
7.58	3296.1756925030622	1143.819465195154
7.6	3296.1785532675112	1145.1481174942242
7.62	3296.181119319649	1146.4073604986215
7.64	3296.1833610914505	1147.582921728745
7.66	3296.1851780788143	1148.6518891855146
7.68	3296.186409553351	1149.5785870838843
7.7	3296.187218517284	1150.382631707456
7.74	3296.188510258731	1151.7903077681349
7.78	3296.204999457893	1152.8556599460421
7.81	3296.2309412290388	1153.4607137768387
7.85	3296.268385227264	1154.1406502673171
7.87	3296.2882899902283	1154.4114061426706
7.9	3296.319851489874	1154.703582980142
7.93	3296.353741223536	1154.9059563430203
7.95	3296.3772615496227	1155.0252676874313
7.98	3296.4093932015176	1155.1610704100035
8.0	3296.428830154612	1155.223589905895
8.3	3296.9013797783764	1155.8464165952676
8.48	3297.4139905395923	1155.8553721204528
8.6	3297.8089844804103	1155.8619247274507
8.7	3298.1649452330043	1155.8683296562544
8.78	3298.5210768307015	1155.8746860888048
8.85	3298.852273091276	1155.881118096243
8.9	3299.0957260297773	1155.886484981295
8.95	3299.375829325488	1155.8928642725814
9.0	3299.69354663724	1155.9000106722885
9.18	3301.3967576401196	1155.9460318857305
9.3	3302.841370305178	1155.9911630735048
9.4	3303.841005448237	1156.0246223623678
9.48	3304.580167015088	1156.0528937876559
9.54	3305.1645781077523	1156.077532776613
9.6	3305.824202749012	1156.104222799383
9.65	3306.3514720318058	1156.1264174725252
9.7	3306.8269927607766	1156.1485705570926
9.74	3307.2332057545905	1156.167439542737
9.78	3307.6509897402166	1156.1870373521372
9.81	3307.9757081951543	1156.2020122400502
9.85	3308.4338014241757	1156.222765650874
9.9	3308.988698673321	1156.2505494466689
9.95	3309.5615259854376	1156.2782269291602
10.0	3310.276173492613	1156.3088368705621
10.04	3311.4223426624867	1156.3686965276745
10.08	3313.3598453098043	1156.4786313016284
10.11	3314.61462939777	1156.5503907496848
10.12	3314.8410680602537	1156.5624028433751
10.13	3315.008465083573	1156.5701943176127
10.14	3315.1585045069496	1156.5765226850142
10.15	3315.2992033367104	1156.5835938150367
10.18	3316.0802396530253	1156.6313185243428
