6.0	134.41513226482473	14.592222831037818
6.1	173.35327479355914	19.171301286575343
6.18	212.06834379359944	23.820348363279116
6.24	246.4936996465026	28.007266008329484
6.3	285.7367939754293	32.99044580734335
6.35	322.1255706941373	37.91125290732422
6.4	360.23426754614337	43.7992662737431
6.44	391.04010234034376	49.377389958492145
6.48	422.4045441943784	55.75503455624863
6.51	445.86149869866654	61.13194209059988
6.54	469.5163391782856	66.84206069749563
6.57	493.5837799079084	72.61600303794731
6.6	515.6279505756793	78.4024934853391
6.63	534.0832409536318	84.3627557735229
6.65	544.916443484896	88.48072474654084
6.68	559.420711024914	94.66523770614376
6.7	568.1066311148259	98.75614856859049
6.72	576.1560522681613	102.8268024135922
6.74	582.1847985152315	106.87886227039283
6.76	585.9686442042671	110.87859095226241
6.78	589.1448608062851	114.82575216535773
6.81	593.4598101954787	120.68852380708493
6.85	597.997501166257	128.4743001769897
6.86	598.848732627984	130.43216549224937
6.88	600.2780680563701	134.34697441908958
6.89	600.9042310799956	136.28804526574353
6.9	601.5152833369475	138.23037652539605
6.92	602.6949946029514	142.0965600041076
6.93	603.2423313753051	143.99947972425568
6.94	603.7602186188691	145.88365238704168
6.95	604.2554207475426	147.7462085563092
6.97	605.1754271309247	151.40487374672514
6.98	605.5753284644197	153.19710175897512
6.99	605.9351468304017	154.96822378499354
7.0	606.2889322012044	156.73529619527127
7.04	607.6307594296841	163.79246805294085
7.08	608.7942037488829	170.74066958273576
7.11	609.4952924386996	175.77062185990394
7.15	610.2511728388204	182.18138235331793
7.18	610.7355650068704	186.81760599770502
7.2	611.0084070335081	189.82354929933186
7.23	611.3512160338444	194.20053330103957
7.26	611.6080131466347	198.39774591312843
7.28	611.7352458737216	201.08598771342542
7.3	611.85056770014	203.70286762186882
7.34	612.0450615828366	208.8096201433499
7.38	612.2001225196906	213.79429430834352
7.41	612.294931949813	217.42820051635553
7.45	612.3972406984652	222.0915099530231
7.48	612.4580859846792	225.41189085068729
7.51	612.5080130707156	228.55357681283246
7.53	612.5370157025338	230.568046234123
7.56	612.5742454362711	233.51780612896962
7.58	612.5956750538734	235.43647564965258
7.6	612.6148979217484	237.31536560007672
7.62	612.6311188935714	239.13410831497157
7.64	612.6450716480412	240.89615427873056
7.66	612.6577209306918	242.61196491387682
7.68	612.6688217072406	244.27145304368688
7.7	612.6778285176705	245.84846666739577
7.74	612.6920739050719	248.82495357788633
7.78	612.7024913525877	251.5765733840306
7.81	612.7078320650219	253.48798701040445
7.85	612.7135941305424	255.879088137358
7.87	612.7155547009157	256.97069436022235
7.9	612.7176438213133	258.5108228024944
7.93	612.7194319978342	259.9848661645204
7.95	612.720380060319	260.9044007884934
7.98	612.7213245988366	262.1530644640963
8.0	612.7217547493638	262.9198280080607
8.3	612.7854777876356	272.12028421002776
8.48	612.9613957402319	273.3321809494543
8.6	613.1724303871431	273.4363781276085
8.7	613.366527169908	273.44699586885486
8.78	613.5319253804014	273.4506221057852
8.85	613.6914838951905	273.4534272958152
8.9	613.8100338356908	273.45525358400994
8.95	613.9483812098114	273.4575694341483
9.0	614.1169365081527	273.4604764882562
9.18	614.9771582314122	273.4782270456542
9.3	615.7059647414974	273.49643228814904
9.4	616.3963882326141	273.51648416624806
9.48	616.9707282703897	273.53704778332565
9.54	617.3991919870941	273.55550867097384
9.6	617.8207168828096	273.5756375683133
9.65	618.1157492475364	273.59077359294383
9.7	618.4727743689837	273.6069786858925
9.74	618.8177932387513	273.6225296342636
9.78	619.2135704415139	273.64413290435266
9.81	619.5767308643424	273.6653427691542
9.85	620.2392427481441	273.7048589088884
9.9	621.3676618380847	273.7725799171958
9.95	622.758578149541	273.8562926618169
10.0	624.4727882667743	273.9608855070479
10.04	626.141533216601	274.0627766525207
10.08	628.1206478453057	274.1865441340658
10.11	630.0686261667281	274.3093324793259
10.12	630.8985706034273	274.36318211880115
10.13	631.8307868244408	274.42597805841694
10.14	632.8202534147155	274.4937236507686
10.15	633.8680776847095	274.56678032132913
10.18	637.3413936457141	274.81483371247145
