6.0	180.52596376262903	11.97906309218836
6.1	236.26347656319754	15.60981497982917
6.18	292.78364742336436	19.262509761888584
6.24	343.8217870971357	22.54098202782518
6.3	404.3499386812476	26.40289210829588
6.35	463.4822575453697	30.15602036085724
6.4	531.4470693493213	34.55707102218552
6.44	592.0895545043476	38.77728584006363
6.48	656.2885922592554	43.792414196472635
6.51	704.5172919939582	48.04465523993415
6.54	751.1124042616816	52.56331554488968
6.57	796.6583169596537	57.241197880600545
6.6	841.5961251327245	61.99224757089651
6.63	885.2541258150507	66.8602282431105
6.65	913.5173422042886	70.23944285147523
6.68	954.8496884013217	75.51140498150353
6.7	981.6104005753064	79.19829109585027
6.72	1007.7148476132478	83.09211730740184
6.74	1032.7854900977577	87.14231057816663
6.76	1056.0257062035332	91.31409198535876
6.78	1077.9418506900317	95.6478056008211
6.81	1108.89587476373	102.30850838121083
6.85	1146.2489663515237	111.29143083078827
6.86	1155.0557736362384	113.5672851377172
6.88	1171.4764952587539	118.26487995904667
6.89	1179.0437106783197	120.67638044920714
6.9	1186.5349725877084	123.12172348305693
6.92	1201.173552142162	128.10767464330678
6.93	1208.1827456322976	130.641588313277
6.94	1214.933379450123	133.20494912328436
6.95	1221.420320840708	135.79572673693247
6.97	1233.4619901046367	141.05653857042546
6.98	1238.9447693434906	143.72576895719757
6.99	1243.7549678072644	146.42290252726434
7.0	1248.0003909440168	149.13201675734405
7.04	1263.8052066037433	159.81801887309146
7.08	1277.2640557711043	170.48381371228768
7.11	1284.9378799026485	178.6329898848014
7.15	1292.6687693457302	189.4508253679672
7.18	1297.5610492877136	197.38039731689585
7.2	1300.2515854742135	202.60519452309464
7.23	1303.0487449448804	210.46684651281657
7.26	1304.910931043308	218.27568253386897
7.28	1306.0464542570433	223.37304197473935
7.3	1307.0838596676783	228.35097885662202
7.34	1308.7820071897218	237.93359690506358
7.38	1310.0942870508054	247.25212581409582
7.41	1310.9433002616734	254.24116787361424
7.45	1311.7705050767781	263.4486902637247
7.48	1312.1940110079577	270.19275602761974
7.51	1312.5724282428114	276.76108048499844
7.53	1312.795400284161	281.0313141492239
7.56	1313.075944970593	287.2914834810866
7.58	1313.2309967386998	291.3495392974733
7.6	1313.366097312706	295.28303849892467
7.62	1313.47013439691	298.9888274649657
7.64	1313.5510750097242	302.5154684369044
7.66	1313.6262114621293	306.00501745806895
7.68	1313.6927828215837	309.4363566032671
7.7	1313.7495048067042	312.80650264068146
7.74	1313.8465237619325	319.4242074755926
7.78	1313.9253215613503	325.87091296053
7.81	1313.9735015412346	330.5964600960279
7.85	1314.026402529811	336.74875272717884
7.87	1314.0486987051167	339.7688609882202
7.9	1314.0819919677547	344.2678352520912
7.93	1314.1126533424826	348.67965077722414
7.95	1314.1301653520457	351.55798177617305
7.98	1314.152413149155	355.8196245380387
8.0	1314.1636114811533	358.59895597473997
8.3	1314.26957487117	398.9785657292856
8.48	1314.2793749906173	415.1892163896817
8.6	1314.2816173502565	422.64765001392414
8.7	1314.3516179719782	427.5342244595273
8.78	1314.4901234766528	430.7728888854641
8.85	1314.6285350586486	433.22532338213523
8.9	1314.7241173618781	434.7793511166759
8.95	1314.8262981287794	435.92165330092547
9.0	1314.9379404509896	436.70581314551936
9.18	1315.403223760956	438.33506085390326
9.3	1315.826206466973	438.4783199733373
9.4	1316.2388018058296	438.5048217299914
9.48	1316.6057344528163	438.50917464538185
9.54	1316.9296713656825	438.512406396478
9.6	1317.340368363458	438.51627451682674
9.65	1317.9145567236394	438.524157555996
9.7	1318.5055963875884	438.53279547215885
9.74	1318.8198674395098	438.53621370735334
9.78	1319.386031174363	438.54200656250913
9.81	1319.8233759743068	438.54651454434213
9.85	1320.2976763945878	438.55497777231807
9.9	1320.9346453026556	438.5667562122863
9.95	1321.3881653797778	438.5727181987141
10.0	1321.8364534215143	438.5789691888853
10.04	1322.1807435074163	438.58353541232
10.08	1322.5328072370953	438.58769554552237
10.11	1322.9406082693401	438.5918735685253
10.12	1323.114868669063	438.5941169380672
10.13	1323.3046342084676	438.5983239250044
10.14	1323.525121917519	438.6070970009258
10.15	1323.7200010133054	438.6182785436447
10.18	1324.2120681317954	438.7141389512687
