6.0	127.1645389155434	16.07397363611351
6.1	162.63490306851202	21.100894865859583
6.18	196.1108838638912	26.322663113124054
6.24	223.52672844793958	31.17883834671026
6.3	252.869476851467	37.041183436244324
6.35	277.52605523154034	42.87197866611432
6.4	301.74617729958845	49.705395226307346
6.44	321.73133700767056	55.938145416267076
6.48	342.57175431114564	62.89295978498511
6.51	358.27648447187187	68.49270607724318
6.54	373.11464924508005	74.03180132907595
6.57	386.7604007898524	79.30460236374539
6.6	398.52551621311864	84.43755972587981
6.63	408.5300805294703	89.50712892187414
6.65	414.98209074459317	92.87204705162364
6.68	424.61639334175356	97.9334762584909
6.7	431.17850387251156	101.35528329097453
6.72	438.13271513225334	104.8587560579667
6.74	444.1305989808447	108.40602971595409
6.76	447.4105696873955	111.89240310833662
6.78	448.92297575258135	115.25689418776282
6.81	450.9766616167678	120.15008733345066
6.85	453.2570770667392	126.48744629513669
6.86	453.74279669274335	128.04600125411542
6.88	454.65834995559925	131.12885033194866
6.89	455.0795290352126	132.63737722774442
6.9	455.4832694277771	134.13640256537107
6.92	456.24326751782127	137.08182007167127
6.93	456.5929299755674	138.5087840051667
6.94	456.9217469340964	139.91038932610851
6.95	457.2287625761085	141.29789300812845
6.97	457.7464650092698	144.02147270092576
6.98	457.96387205589053	145.35964174014745
6.99	458.1731082967574	146.68832666335848
7.0	458.3728289746865	148.00590423031926
7.04	459.0752309385353	153.16056297668914
7.08	459.60900847502177	158.04085017379538
7.11	459.92073817398216	161.51603327408245
7.15	460.25085146576197	166.0286679880749
7.18	460.440118603177	169.33789428816064
7.2	460.54280614716555	171.4804598600454
7.23	460.6710471853305	174.5745962568841
7.26	460.7776609176536	177.52326016507192
7.28	460.8366280482737	179.42410610662864
7.3	460.8906740946184	181.30081586200265
7.34	460.98168537634433	184.95170066279462
7.38	461.05229707728694	188.4374804619814
7.41	461.09433866016565	190.91253023039417
7.45	461.13766262559585	194.00082449631995
7.48	461.1634621780875	196.1448644370689
7.51	461.1835983265434	198.15382737874157
7.53	461.1952440827128	199.45061451883484
7.56	461.20985070893204	201.31307764121553
7.58	461.2174776461711	202.48927917550287
7.6	461.2240657599751	203.62055660918003
7.62	461.22990393621285	204.7066739604136
7.64	461.2347610547401	205.7361172212092
7.66	461.2383885213505	206.69251739560025
7.68	461.24130640936926	207.59382878939996
7.7	461.24395427295906	208.4552844828435
7.74	461.2476698546245	210.0034542696193
7.78	461.2498244979618	211.36141794727567
7.81	461.2511065863763	212.28860837272796
7.85	461.2521900697258	213.34854745416413
7.87	461.25250532077894	213.8075810417318
7.9	461.25709868115115	214.4535946025765
7.93	461.2664996293329	215.00470407670707
7.95	461.2732004744999	215.3088345802712
7.98	461.2838460829705	215.72445242835786
8.0	461.29135053299825	215.9753580442712
8.3	461.47631879590034	218.62632773322906
8.48	461.6782677438369	218.69398883575033
8.6	461.8563224784189	218.6973964351903
8.7	462.0255529478013	218.7004578997122
8.78	462.1756874115465	218.70327949461327
8.85	462.3306899982542	218.7062590379704
8.9	462.451741645238	218.70848820771133
8.95	462.58537954170555	218.7110353770921
9.0	462.740109251245	218.71414187377573
9.18	463.5568304736874	218.73528673026232
9.3	464.2718110459214	218.75893387247208
9.4	464.8372945794836	218.78003819725893
9.48	465.27557008243855	218.79838822262144
9.54	465.61765796393024	218.81415749283158
9.6	466.02439810221676	218.8331617024897
9.65	466.4289238812363	218.85287131604582
9.7	466.8777317249227	218.87520304698032
9.74	467.2753603192433	218.89535419208266
9.78	467.76051923099413	218.92230750978973
9.81	468.1768631576009	218.94623360980512
9.85	468.8406268613349	218.98476962187354
9.9	469.96748807781637	219.05233827406408
9.95	471.4923775248898	219.1438830443339
10.0	473.54583899622924	219.26712015000174
10.04	475.66740223884204	219.39707678475986
10.08	478.32362829120757	219.56161087009082
10.11	480.59224677398225	219.70411455606072
10.12	481.36846511011396	219.75400404629636
10.13	482.1630538402662	219.80515773660596
10.14	482.9797064648179	219.85829824390626
10.15	483.8221980711911	219.91436617834538
10.18	486.5607381067111	220.09734354310046
