6.0	141.7559732460989	13.82286239296484
6.1	183.91754909294104	18.09317138253546
6.18	225.73741012647997	22.450451660009065
6.24	262.6289537069639	26.42326479187248
6.3	305.5350626379239	31.149778834709974
6.35	346.0124661612608	35.80499845821205
6.4	390.30001195813895	41.309659082338214
6.44	427.9152194392503	46.51865166468467
6.48	466.3798744110087	52.59918711583737
6.51	496.0592279586108	57.74853815725247
6.54	527.2277460004925	63.33082335681285
6.57	559.6880545030651	69.12145286289825
6.6	591.0932018233535	74.87847564514864
6.63	618.4680715673113	80.70520019448062
6.65	634.3788251614241	84.74981572821301
6.68	655.468118706621	91.09634461387382
6.7	667.0991168859728	95.46832524164236
6.72	677.30861678542	99.84894807496234
6.74	686.3660852177932	104.17363627826478
6.76	694.0209434344954	108.4554989570862
6.78	700.8413665933733	112.72879360461964
6.81	709.6898166274541	119.02065458579621
6.85	718.7768272368475	127.38941024448671
6.86	720.7025716816252	129.53010241133694
6.88	724.3433768424248	133.8466992779658
6.89	726.0196947044159	136.00399831703885
6.9	727.6100144273652	138.17510563200332
6.92	730.4450779496442	142.5459086210261
6.93	731.6439062597499	144.72364397020365
6.94	732.602023300421	146.89499477713562
6.95	733.3734515441068	149.05950435478232
6.97	734.8490421195843	153.34264352404105
6.98	735.5501716957115	155.454130750563
6.99	736.2229925547127	157.52462784219713
7.0	736.8658465794699	159.56884214324674
7.04	739.0865354851265	167.75137237711087
7.08	740.6763272008409	175.87030695993698
7.11	741.5844711366115	181.87854567932024
7.15	742.6302632209013	189.7186590650325
7.18	743.2352449142422	195.42665904743762
7.2	743.5625562280095	199.15375622500437
7.23	744.0147173264024	204.63044584299047
7.26	744.4039582902532	209.91417451475482
7.28	744.619973746275	213.29576754629363
7.3	744.8086053631766	216.56237963483258
7.34	745.1158448264908	222.83775233399007
7.38	745.3488099636342	228.91349910116324
7.41	745.4948858364696	233.39276218185114
7.45	745.6538862366461	239.22290585572918
7.48	745.7522779946742	243.45617220821342
7.51	745.8326806504414	247.52172491309526
7.53	745.8810538115032	250.15645377504356
7.56	745.9438885460258	254.02829560773057
7.58	745.9796348344846	256.5636260116476
7.6	746.013032599158	259.0774479939537
7.62	746.0433693236113	261.551496166806
7.64	746.0694821487801	263.96176674843576
7.66	746.0924435297628	266.3180106508586
7.68	746.113476386009	268.62100067176243
7.7	746.1321028024757	270.85345178756364
7.74	746.1628610500102	275.12606337829715
7.78	746.1862387170228	279.15683146723705
7.81	746.199509731832	282.01917123690436
7.85	746.2134557974227	285.633703934349
7.87	746.2189331889346	287.3416664350364
7.9	746.2253524685002	289.7985731341839
7.93	746.230740576527	292.1678575747385
7.95	746.233727725214	293.67655202869076
7.98	746.2370176002289	295.7914982149953
8.0	746.2386415549767	297.1137051436294
8.3	746.3167792966034	314.11687436234973
8.48	746.5200588590147	318.18972070102467
8.6	746.7434840417044	319.345918669131
8.7	746.9436926919403	319.6528643758972
8.78	747.1420215532878	319.7164574546368
8.85	747.3292780326295	319.7263910137699
8.9	747.4670920283659	319.7295465583823
8.95	747.6222936783888	319.7327087157564
9.0	747.798353036486	319.73549553212126
9.18	748.6067827547123	319.7499813438615
9.3	749.3186484321592	319.7664663022449
9.4	750.0408567484587	319.7863743617779
9.48	750.7330606438697	319.80944380062846
9.54	751.247527301832	319.8287647112048
9.6	751.7573566394277	319.84628282874587
9.65	752.2431774137287	319.8599759209867
9.7	752.7073917551869	319.8738614243531
9.74	753.0522258654149	319.88789268392105
9.78	753.3928392677876	319.9055731215575
9.81	753.6517784083418	319.9202895255126
9.85	753.9993418796624	319.94112115735277
9.9	754.4726796608735	319.9636120008063
9.95	754.99142076753	319.9846529771349
10.0	755.5489098101447	320.010499731798
10.04	756.0717370698261	320.0376626462029
10.08	756.7099047824449	320.07366973973296
10.11	757.3058185888483	320.10646565656367
10.12	757.5395356102855	320.12006892086134
10.13	757.8827387579657	320.1416653239117
10.14	758.4323081572262	320.1779741453192
10.15	759.1830229651325	320.2277461263179
10.18	762.110847661616	320.4312024360305
