6.0	164.52510718836157	12.550667267780463
6.1	214.93547703318998	16.364563772108816
6.18	265.88916404764973	20.207081065601205
6.24	311.7283072114583	23.663907696627042
6.3	365.6366203899876	27.765767017267084
6.35	417.75593866492915	31.786872876791072
6.4	475.81719503963393	36.60317069588488
6.44	526.1043989122144	41.24403184432249
6.48	580.0435731523255	46.616555593670874
6.51	623.1165562691244	51.181371605117775
6.54	667.3643631088485	56.268773004148585
6.57	710.1575103924058	61.783915299192486
6.6	748.7782862992156	67.4783318071419
6.63	783.1272350490525	73.26254244626611
6.65	804.5948383986862	77.25990513345349
6.68	835.0493261060941	83.52631000654985
6.7	854.3112988458524	87.84056520543398
6.72	872.8027239698278	92.22275088890295
6.74	890.1670832776058	96.6293079804622
6.76	905.7401843585562	101.1068395621757
6.78	920.0460693190288	105.71837632786186
6.81	940.328506358266	112.72583047165398
6.85	964.9072938392411	122.16115039110394
6.86	970.6466824368895	124.56700369204823
6.88	981.3442570031169	129.52185230141885
6.89	986.0647134761293	132.07830732181682
6.9	990.4863141604428	134.68991273422216
6.92	999.0873848548554	139.99832729760533
6.93	1003.1899920409722	142.6811260080623
6.94	1007.1134249708065	145.3845899398755
6.95	1010.9190634595236	148.10249790994698
6.97	1017.9926221227057	153.57105269274248
6.98	1021.2406051541107	156.3166928478013
6.99	1024.2399547567566	159.0506395097854
7.0	1026.818936061892	161.7808544450414
7.04	1035.3646800537347	172.6185654924945
7.08	1042.2730130535044	183.4039323461542
7.11	1046.2271853365116	191.56773480929948
7.15	1049.7150915793372	202.3701935080206
7.18	1051.6024628630148	210.25956792561155
7.2	1052.7681060676869	215.39724907852158
7.23	1054.2710826615037	222.9473624022235
7.26	1055.5052930197378	230.34257729146097
7.28	1056.2519335216518	235.23429461377097
7.3	1056.9582762251305	240.085825069731
7.34	1058.2119781321294	249.70390477479205
7.38	1059.2415508750275	259.3224525094243
7.41	1059.9722131778387	266.5871178519977
7.45	1061.016370868932	276.27463067053407
7.48	1061.87434680398	283.48267422489624
7.51	1062.884236643803	290.57858479640004
7.53	1063.7039356925177	295.2264538726512
7.56	1065.0651175188998	302.1590420943256
7.58	1065.9511540937347	306.7681342195412
7.6	1066.7896115047874	311.3479532633801
7.62	1067.5704173885736	315.90369046896865
7.64	1068.281615017863	320.44264193973424
7.66	1068.8602389799912	324.94593041735294
7.68	1069.321117882596	329.39697187125796
7.7	1069.7572816561492	333.7942776296655
7.74	1070.600133013289	342.4357317620824
7.78	1071.3501193874317	350.9319599609357
7.81	1071.7924407357734	357.2443089000701
7.85	1072.2362570022067	365.5438512127987
7.87	1072.4195503440471	369.64345178653537
7.9	1072.6501074889536	375.72594384096624
7.93	1072.834417118196	381.7092437186383
7.95	1072.9422141298326	385.63853685251996
7.98	1073.0560566448905	391.43829243887643
8.0	1073.1015932985601	395.2489511266005
8.3	1073.7342256516188	453.03347106905795
8.48	1074.056558180261	479.5742980506976
8.6	1074.269522112407	493.5348240568347
8.7	1074.432901550859	502.9775561253878
8.78	1074.5694779247267	509.25275586231334
8.85	1074.6991342289714	513.7314367486364
8.9	1074.8053595986387	516.3636929351889
8.95	1074.9123676264305	518.677162254127
9.0	1075.006272298885	520.7575745467277
9.18	1075.5577997200191	525.8136873800919
9.3	1076.130507032875	526.574276373251
9.4	1076.7004547589609	526.6621066245131
9.48	1077.2501605720415	526.6881897901293
9.54	1077.7803947145562	526.7007315058819
9.6	1078.2954987484932	526.7132898837574
9.65	1078.7395788748493	526.718165006674
9.7	1079.201255564073	526.7232236991741
9.74	1079.4682424117493	526.7266885909694
9.78	1079.8082194441304	526.730539853148
9.81	1080.2464469735628	526.7363495711786
9.85	1080.7890571881724	526.7443185237541
9.9	1081.311428832678	526.7583774293
9.95	1081.868286376385	526.7906500818815
10.0	1082.2633091184225	526.8146915836219
10.04	1082.63250622292	526.8357525880645
10.08	1083.0278015399076	526.8584639997457
10.11	1083.4577591468346	526.8649389661068
10.12	1083.6377937602736	526.8673946402627
10.13	1083.788940337968	526.8688518938314
10.14	1083.9559981513046	526.8711532646796
10.15	1084.1415773662306	526.877553114951
10.18	1084.6200106459785	527.0206579658744
