6.0	111.25920591630313	20.05166924514052
6.1	136.28271416870763	26.53768277443016
6.18	158.2463131753966	33.222148643390426
6.24	175.22686096640706	39.3256084852917
6.3	191.96839922268828	46.53842890204288
6.35	205.0855548489058	53.423490990770354
6.4	217.39486009038473	60.94118218558085
6.44	229.3610970754724	66.9900018643202
6.48	242.70176988659534	72.88641243885074
6.51	250.75686225535225	77.27937399779206
6.54	257.1561003965486	81.52621476628839
6.57	263.32428899238107	85.65270124357434
6.6	270.57394339678535	89.82177384254595
6.63	280.6723925628009	94.12132894643904
6.65	288.544256648602	97.08213399676924
6.68	297.7992096305877	101.64328629172627
6.7	301.2473434467068	104.72434855421167
6.72	302.8938557322138	107.73698657297714
6.74	303.6687652296993	110.52933881538885
6.76	304.2331426635135	113.05077676433156
6.78	304.71801164574094	115.4211377989319
6.81	305.3295923987115	118.75604146712216
6.85	306.0011282481773	122.945279735188
6.86	306.15591755406984	123.98793639288319
6.88	306.44348532536634	126.03886655994567
6.89	306.5727216884581	127.03479067202413
6.9	306.69670052250956	128.02540028410553
6.92	306.9309214292068	129.99913127469105
6.93	307.0386915112331	130.97333767520794
6.94	307.13994537286123	131.9385908828126
6.95	307.2337869891206	132.89465200865055
6.97	307.40184594704806	134.77725396803933
6.98	307.47846146198043	135.70588631961368
6.99	307.5513211480092	136.62543166235702
7.0	307.6201264413728	137.53587707314014
7.04	307.84908835448107	141.0807629254407
7.08	308.0192038986805	144.4403623555824
7.11	308.1196968085188	146.8063085643475
7.15	308.2248133822685	149.7968752167599
7.18	308.2884892264576	151.95449150741828
7.2	308.3231677537698	153.34574792901682
7.23	308.3695423766224	155.3673612882057
7.26	308.4064437854063	157.2715484695526
7.28	308.42608391050277	158.4677545862174
7.3	308.443685283239	159.61366657597753
7.34	308.47186202890305	161.72553653151175
7.38	308.49241113471624	163.63519025463216
7.41	308.5040149532297	164.9585220624064
7.45	308.5153250247649	166.5825646315912
7.48	308.52214403294965	167.70917984291387
7.51	308.52705076236526	168.72071802817726
7.53	308.5294267015524	169.33194720252658
7.56	308.53245940562886	170.18276053507645
7.58	308.5338611456941	170.68018064012628
7.6	308.5348034365115	171.12492463816218
7.62	308.53565796338347	171.55044944680378
7.64	308.53641201969094	171.9512835033136
7.66	308.53702879250466	172.31894613856548
7.68	308.53745026547716	172.64061251001377
7.7	308.5377303205854	172.92278011841753
7.74	308.5381846191886	173.42386936140454
7.78	308.5436736580843	173.80980053090283
7.81	308.55234892614743	174.032723377224
7.85	308.5650803094095	174.28706089420814
7.87	308.5719470756469	174.3898322178844
7.9	308.5829720549405	174.50192405210467
7.93	308.59499444788054	174.58080739708046
7.95	308.6034492563766	174.627788441569
7.98	308.61512965765564	174.68172552771168
8.0	308.6222792673937	174.70688089585525
8.3	308.8100208172847	174.95908411073333
8.48	309.03335679769	174.96306942158347
8.6	309.21576630881384	174.96610278328828
8.7	309.3884482135284	174.96920908810884
8.78	309.5670993362049	174.97239783171202
8.85	309.7379089568097	174.9757191402482
8.9	309.8665740403457	174.9785564341581
8.95	310.0173349285467	174.98198984869248
9.0	310.1915992618214	174.9859088543578
9.18	311.17822103949237	175.01273388579637
9.3	312.06026054267795	175.04029981942512
9.4	312.6974527715459	175.0616464870772
9.48	313.1829837668658	175.08023254429128
9.54	313.5749117424709	175.09675935108106
9.6	314.02523824041646	175.11496936176167
9.65	314.39067067137535	175.1303657691386
9.7	314.7249631150052	175.1459364126228
9.74	315.01360412052503	175.15934627594652
9.78	315.31320914805644	175.17339833664266
9.81	315.54799299333155	175.18422644120307
9.85	315.88181494988146	175.199348043737
9.9	316.2900016428556	175.21980129283963
9.95	316.7160126128783	175.2403661017564
10.0	317.25257723453615	175.26335614865053
10.04	318.12148695200244	175.30874722970685
10.08	319.59865917432444	175.39256997172063
10.11	320.5594268867456	175.44751091693448
10.12	320.73342977926325	175.45674073339467
10.13	320.8622809207531	175.46273771648396
10.14	320.97794628363084	175.46761623454677
10.15	321.08657079408226	175.47307577582845
10.18	321.69192983238395	175.51006820648138
