6.0	1112.6465727360962	79.54523775000571
6.1	1445.3178874799762	104.5209191950692
6.18	1775.5589818977949	130.29954004688537
6.24	2066.0584515047854	154.14176046883574
6.3	2403.8300407045767	182.82974806692778
6.35	2721.75838654741	211.42331224433465
6.4	3065.0400539172774	245.91787036580808
6.44	3351.335594417575	279.19809376203045
6.48	3640.248650935122	318.52624952487713
6.51	3861.5800304201957	352.02222165092326
6.54	4095.4634293951403	387.795702464541
6.57	4339.201448090927	423.19478612243324
6.6	4565.275198658755	455.919101699443
6.63	4747.63613467456	487.08174703015015
6.65	4846.521444347361	508.1848677304569
6.68	4971.324830576871	540.6016960386643
6.7	5036.096124316803	562.3091231052267
6.72	5090.937441940212	583.3681228944436
6.74	5137.775833899844	603.4235846282303
6.76	5175.116662818721	622.6408204255732
6.78	5207.012284252356	641.3338041026088
6.81	5247.200594241995	667.8469686186734
6.85	5286.920464449679	701.5734655228297
6.86	5295.133331612946	710.0288999027354
6.88	5310.415598830735	726.8598926959994
6.89	5317.322691434759	735.1332922520239
6.9	5323.815492758096	743.394812962346
6.92	5335.2189655517695	759.8184506963489
6.93	5339.942320823315	767.8683954516304
6.94	5343.672986055771	775.8083694671526
6.95	5346.637004351961	783.640164587096
6.97	5352.222050204658	798.8904252755428
6.98	5354.834548464872	806.2811173633629
6.99	5357.314230899078	813.4269543145516
7.0	5359.657536746895	820.3963624170435
7.04	5367.593246992647	847.7664196457022
7.08	5373.06423050688	874.0603107807734
7.11	5376.08079766581	892.9581861467751
7.15	5379.455388774376	916.8954508031029
7.18	5381.349247464883	933.8069512825955
7.2	5382.35035075289	944.6199179916831
7.23	5383.707809984559	960.1792831907318
7.26	5384.848802847855	974.8003119517169
7.28	5385.468201946551	983.9425828634711
7.3	5385.999572593507	992.6070523532538
7.34	5386.847725630057	1008.8556185474521
7.38	5387.47013594052	1024.1284225055479
7.41	5387.850433298286	1035.11695987911
7.45	5388.253229333889	1049.0695363906043
7.48	5388.495809840662	1058.9388494318844
7.51	5388.688887393797	1068.1941106751947
7.53	5388.802818034962	1074.0773032442944
7.56	5388.948409964381	1082.5849069522533
7.58	5389.029701811026	1088.0678480523209
7.6	5389.104631370834	1093.4373924322244
7.62	5389.171827159478	1098.6568494559992
7.64	5389.228875346185	1103.6752385897391
7.66	5389.278308031157	1108.5155535899546
7.68	5389.322988284351	1113.184416377482
7.7	5389.361987739467	1117.6475188510626
7.74	5389.42515213413	1126.0225126074042
7.78	5389.471876594078	1133.7201444187756
7.81	5389.497737738877	1139.0643488228955
7.85	5389.524304200908	1145.6683676307148
7.87	5389.534528512575	1148.7286458068515
7.9	5389.546298947233	1153.0660643289682
7.93	5389.55599304065	1157.1770981504474
7.95	5389.561285735392	1159.7554666669673
7.98	5389.567012269151	1163.3118832413109
8.0	5389.569779510531	1165.499038730783
8.3	5389.696056265241	1192.7148502733976
8.48	5390.000466409242	1198.281616745372
8.6	5390.31665158582	1199.7403582632564
8.7	5390.582894690673	1200.1072396478176
8.78	5390.835790177169	1200.180306911276
8.85	5391.066744073691	1200.1915988250566
8.9	5391.232115678345	1200.195275865024
8.95	5391.414214075945	1200.1989667844566
9.0	5391.61611451459	1200.2021574531384
9.18	5392.487397791428	1200.2176275293698
9.3	5393.1962691236195	1200.2340043374804
9.4	5393.885814483643	1200.2529886640534
9.48	5394.526642448313	1200.2743156187353
9.54	5394.992873212998	1200.2918246677043
9.6	5395.445789370071	1200.3074007707876
9.65	5395.871264897004	1200.3193998512272
9.7	5396.272870958639	1200.3313999265824
9.74	5396.567772915471	1200.3433925696463
9.78	5396.856259920597	1200.358359697011
9.81	5397.073646642717	1200.370716709948
9.85	5397.3631758795955	1200.388063256815
9.9	5397.753168007853	1200.4066333376004
9.95	5398.174632058848	1200.423689096865
10.0	5398.618526598841	1200.4442894805732
10.04	5399.027698066815	1200.4655133101069
10.08	5399.5189270138135	1200.4932479020956
10.11	5399.9715217318035	1200.5181479547991
10.12	5400.147686421261	1200.5284013639318
10.13	5400.405317770309	1200.5446115797988
10.14	5400.816376528046	1200.5717697851096
10.15	5401.375877738086	1200.608864702706
10.18	5403.540650394028	1200.759263951373
