6.0	1249.7562323249406	68.303356787906
6.1	1634.8861469656947	89.35103947090545
6.18	2025.1950106898937	110.68811557793722
6.24	2377.127626719466	129.9935436761707
6.3	2791.7990884148976	153.16281275003524
6.35	3193.1558586798137	176.17414971749332
6.4	3637.6253744649757	204.5862704804738
6.44	4015.59212899207	233.100174062086
6.48	4412.467243635252	266.9049590042336
6.51	4727.117324281994	295.96707503062623
6.54	5046.542359747254	328.12785404827525
6.57	5340.934170489877	362.0567681052902
6.6	5585.186076891754	395.29094103603245
6.63	5785.427572010824	426.8392274812554
6.65	5905.989934465736	447.798802088073
6.68	6071.332429099667	479.7725017688675
6.7	6172.229798872189	501.1361135345378
6.72	6266.795165361254	522.2463628722038
6.74	6353.44583398183	542.7554943126187
6.76	6429.111107740276	562.9155232304382
6.78	6496.98457718543	583.2478358193497
6.81	6590.368868577911	613.2063609435726
6.85	6699.127153476374	651.6463749163844
6.86	6723.916780800585	661.1737143825385
6.88	6769.511268074099	680.5749168454176
6.89	6789.281647398101	690.4519835774216
6.9	6807.628378353812	700.4775617094836
6.92	6842.8434522287025	720.6170471440976
6.93	6859.361151745634	730.6447202154186
6.94	6874.965961781315	740.6528765584562
6.95	6889.965783085072	750.6138056528562
6.97	6917.401210067142	770.3550771290141
6.98	6929.772827204007	780.1130541948037
6.99	6941.0573492841695	789.7018194668278
7.0	6950.603280843369	799.155418061356
7.04	6981.436155384511	835.6500195888627
7.08	7005.332913554151	870.4643334578033
7.11	7018.523599184416	896.0007689792498
7.15	7029.6712994291465	928.6552096495543
7.18	7035.4111705745445	951.6330320164268
7.2	7038.868274277019	966.2056824282367
7.23	7043.200045365246	987.1314415221426
7.26	7046.613266281504	1007.0700764324514
7.28	7048.617643995657	1019.9692763757062
7.3	7050.474967496117	1032.529948611958
7.34	7053.663365262888	1056.802970335168
7.38	7056.140774280033	1080.329186792164
7.41	7057.840465062632	1097.656343740503
7.45	7060.246083046388	1120.1715927047403
7.48	7062.1968757063005	1136.4630852795956
7.51	7064.4804519751815	1152.1018448809261
7.53	7066.3311299213465	1162.1231224286862
7.56	7069.383606102022	1176.7994604933021
7.58	7071.337403997493	1186.3915538932629
7.6	7073.151093899699	1195.7909408509777
7.62	7074.804589038666	1205.0107000608205
7.64	7076.280166004141	1214.070207075536
7.66	7077.449537557462	1222.9318745274486
7.68	7078.351255834145	1231.5613560244249
7.7	7079.19086929619	1239.95799284332
7.74	7080.790733206171	1256.108534309362
7.78	7082.189143234262	1271.546270164507
7.81	7082.998112135184	1282.7491830608692
7.85	7083.791730818834	1297.1389233501684
7.87	7084.113670483622	1304.103956827781
7.9	7084.513690093428	1314.2755813566157
7.93	7084.827463742947	1324.0872013061444
7.95	7085.008912757885	1330.4242686766809
7.98	7085.198179238792	1339.6304957874067
8.0	7085.272095931809	1345.5847632578384
8.3	7086.259052948164	1431.3307171286397
8.48	7086.711223149064	1465.1938062202103
8.6	7086.992199657038	1481.6350899903412
8.7	7087.197647676186	1492.2186975377654
8.78	7087.362571809246	1499.0108795710576
8.85	7087.514571551751	1503.7183033052352
8.9	7087.6354314042665	1506.4221789213318
8.95	7087.754819374254	1508.7608815676265
9.0	7087.857079223995	1510.8326930333487
9.18	7088.422650574427	1515.7893182330151
9.3	7088.977925817932	1516.5043870788797
9.4	7089.507820445458	1516.5845166264487
9.48	7090.004129759577	1516.608002221256
9.54	7090.472232738552	1516.6189948510441
9.6	7090.920918216257	1516.6299428953982
9.65	7091.300508821179	1516.6341057220693
9.7	7091.691542736292	1516.6383818919417
9.74	7091.91468202302	1516.6412760931798
9.78	7092.19594362469	1516.644463269252
9.81	7092.555393138811	1516.6492254683862
9.85	7092.997503162096	1516.6557197144339
9.9	7093.412751185079	1516.666855736791
9.95	7093.849313907493	1516.6920215305283
10.0	7094.151886603521	1516.7105851552471
10.04	7094.429305526131	1516.7263230571195
10.08	7094.722342738218	1516.7432501240153
10.11	7095.035868874195	1516.7479659684361
10.12	7095.1664204893505	1516.749747823775
10.13	7095.275572503169	1516.750799931579
10.14	7095.395683726472	1516.7524536527214
10.15	7095.528625569277	1516.7570323590844
10.18	7095.868911328248	1516.858151971906
