6.0	1071.1172836122435	86.67942289154435
6.1	1381.1173494461643	114.60584103767937
6.18	1689.3137498628007	143.206290906733
6.24	1963.7584532613457	169.04680108291063
6.3	2275.1125429757817	200.0831237434965
6.35	2560.7411731409775	231.16875849920112
6.4	2854.7159378931265	269.08782622895114
6.44	3087.246139602874	305.5252865350441
6.48	3320.9141897412474	347.37705518255194
6.51	3497.2636728236716	382.64445541898755
6.54	3675.8892375387604	419.0148289714164
6.57	3853.0378567678713	453.7505627054687
6.6	4006.3187116723598	486.441905536601
6.63	4126.324995984566	518.4472941726212
6.65	4194.09855739047	539.9736018429268
6.68	4280.222367480741	571.1684500133349
6.7	4329.370109608138	590.9893256324021
6.72	4373.680796095706	610.1178833851108
6.74	4405.508859126319	628.5621652847299
6.76	4423.870102185933	646.1635446975757
6.78	4438.472518990257	663.0490366988953
6.81	4457.687059306295	687.3913629508119
6.85	4477.207396963065	718.5547719028124
6.86	4480.773707485058	726.2277925385773
6.88	4486.668594000088	741.3641093569114
6.89	4489.188284453361	748.7426204849172
6.9	4491.622922077879	756.0639107625116
6.92	4496.260241734564	770.4397291607978
6.93	4498.369125584918	777.3938033985651
6.94	4500.339865490119	784.2041566310525
6.95	4502.204546030903	790.8620782277704
6.97	4505.618447329756	803.7313231686549
6.98	4507.077380871007	809.9336367796772
6.99	4508.373788390535	815.9985919831267
7.0	4509.637603615824	821.9969226154321
7.04	4514.345837734166	845.5187213826925
7.08	4518.299378798489	867.964295069957
7.11	4520.6113805455725	883.7388479140925
7.15	4523.028758490898	903.2233173610975
7.18	4524.534860258346	916.8948243426024
7.2	4525.366835831876	925.5817641401156
7.23	4526.392690777858	937.9779766946851
7.26	4527.142865028656	949.5663309018365
7.28	4527.505070084322	956.8245132967718
7.3	4527.827932682236	963.7679976753303
7.34	4528.3612058761055	977.0369036299213
7.38	4528.77409947462	989.6522358739403
7.41	4529.019834757921	998.6290638185542
7.45	4529.278256130167	1009.8692459962101
7.48	4529.427528696694	1017.6603627353886
7.51	4529.5470805966115	1024.8585378389932
7.53	4529.615260269346	1029.3885339393637
7.56	4529.701412028144	1035.9258985924962
7.58	4529.750155704623	1040.1145702571753
7.6	4529.793334573443	1044.1679929518127
7.62	4529.829272513314	1048.0410886573427
7.64	4529.859745509275	1051.7450474681832
7.66	4529.887012541898	1055.3066321012836
7.68	4529.910598561888	1058.7055892119336
7.7	4529.9294683334765	1061.8914757666132
7.74	4529.958782279833	1067.794892753625
7.78	4529.9797397331295	1073.1218328570465
7.81	4529.990194907285	1076.7417791252954
7.85	4530.001246885763	1081.1797212256388
7.87	4530.004928520464	1083.1659352842325
7.9	4530.008779518773	1085.9278683905063
7.93	4530.012023159613	1088.531884119246
7.95	4530.013718784808	1090.1341431262551
7.98	4530.015379305362	1092.2760816574603
8.0	4530.0161199945605	1093.5706502891528
8.3	4530.119556608669	1108.747333030821
8.48	4530.38899246142	1110.4663252646048
8.6	4530.693343871386	1110.6015464450181
8.7	4530.959078681185	1110.6149954978932
8.78	4531.175666952231	1110.6196650542443
8.85	4531.377831211803	1110.6232135559471
8.9	4531.523797196516	1110.6254617544876
8.95	4531.690395043772	1110.6282460211942
9.0	4531.888897298752	1110.6316723609525
9.18	4532.838625092134	1110.6510428440183
9.3	4533.583978737916	1110.6696611838927
9.4	4534.2543345531685	1110.689084660297
9.48	4534.79695784328	1110.7084840892844
9.54	4535.191251981878	1110.7254633235614
9.6	4535.57348300664	1110.7437015199448
9.65	4535.836247321408	1110.757182085709
9.7	4536.150478746212	1110.7714533821088
9.74	4536.450977859636	1110.7849917211056
9.78	4536.792421025069	1110.803620513178
9.81	4537.103014298827	1110.8217623246246
9.85	4537.664645720295	1110.8552561505867
9.9	4538.61092247833	1110.912053722713
9.95	4539.763896501758	1110.981436191561
10.0	4541.168414452498	1111.0671413037992
10.04	4542.516354312556	1111.149437977516
10.08	4544.088252240731	1111.247730383125
10.11	4545.614383888266	1111.3439316143438
10.12	4546.259996231105	1111.3858168386466
10.13	4546.982320887312	1111.4344748405672
10.14	4547.745957117908	1111.486762289759
10.15	4548.551520091606	1111.5429264786676
10.18	4551.200197063601	1111.732087976759
