6.0	1349.7134273633533	66.5837990941927
6.1	1768.5868000587075	87.0524052750668
6.18	2194.337699179608	107.77459313709959
6.24	2579.591791301135	126.47204647267588
6.3	3037.793608316649	148.65204465039625
6.35	3486.7623479344725	170.37349849052762
6.4	4002.5608752448406	196.34522639917046
6.44	4457.957229977945	222.25813155764948
6.48	4927.5564611742075	254.1764715677155
6.51	5266.7596825685005	281.12930671506047
6.54	5577.454628414135	308.5449975852646
6.57	5865.4422581506515	335.53576745175485
6.6	6138.078523403254	361.45781675442424
6.63	6392.109151493344	386.60807983955533
6.65	6551.302842128178	403.5452563768392
6.68	6777.017193413358	429.2837007179131
6.7	6918.491379091498	446.9284795765073
6.72	7053.347050784735	465.40761845374664
6.74	7179.811594454988	484.26414834410275
6.76	7293.6961603446125	503.155481489854
6.78	7398.3960909517855	522.4258966283559
6.81	7541.81015155313	551.2169233166139
6.85	7707.628989518188	588.1874354875114
6.86	7745.788901948333	597.2615164173042
6.88	7815.930313061219	615.783180996153
6.89	7847.647992630886	625.161160162259
6.9	7878.787367199813	634.6013323105005
6.92	7938.852582739005	653.619966593662
6.93	7967.141248211212	663.1449805498874
6.94	7994.099351105943	672.6887929955101
6.95	8019.732699807778	682.2420691058015
6.97	8066.544558750621	701.3659581005778
6.98	8087.474468023816	710.928722445128
6.99	8105.574657411484	720.4764635541674
7.0	8121.293615848627	729.9466457665732
7.04	8178.553724345155	766.2400936038619
7.08	8225.627317873956	800.9722995450037
7.11	8251.589535796567	826.7198017834057
7.15	8276.827750584855	859.7737950649046
7.18	8292.31409246189	883.1382001771821
7.2	8300.646450017271	898.1591466497314
7.23	8309.098561599401	920.3074962758169
7.26	8314.51799176543	941.7617990466789
7.28	8317.753129798677	955.4510370854495
7.3	8320.662137359812	968.5677408809959
7.34	8325.322416284309	993.1528031716475
7.38	8328.802037379039	1016.2765468333578
7.41	8330.992638171938	1033.190861342193
7.45	8333.068795588608	1054.9040895679059
7.48	8334.090321244757	1070.366284953308
7.51	8334.981752665008	1085.0637976472644
7.53	8335.4974296336	1094.424871816374
7.56	8336.133599956464	1107.896615099581
7.58	8336.476523328267	1116.4640657853251
7.6	8336.769851259836	1124.6371001654231
7.62	8336.990437601227	1132.1947921261287
7.64	8337.157624688218	1139.2546271579606
7.66	8337.31086950706	1146.1403756034113
7.68	8337.444742132011	1152.8104786535278
7.7	8337.556915950594	1159.2634539586422
7.74	8337.744928537051	1171.6749069898922
7.78	8337.893651448876	1183.4338330901746
7.81	8337.982251273603	1191.8521957792927
7.85	8338.077489574029	1202.5674158628676
7.87	8338.116873408424	1207.7260886518634
7.9	8338.17538203219	1215.302138361057
7.93	8338.228680341212	1222.5970941389592
7.95	8338.2586055574	1227.281031674024
7.98	8338.29591779723	1234.1137933591979
8.0	8338.314331868412	1238.5012767826086
8.3	8338.484557246706	1299.2512369649526
8.48	8338.497532194799	1320.1998184994732
8.6	8338.500218719866	1329.0039644288663
8.7	8338.58509065578	1334.470219325275
8.78	8338.75003283349	1337.9662839781042
8.85	8338.909335870652	1340.5416167231388
8.9	8339.016233119766	1342.1433015674063
8.95	8339.12771638799	1343.3023968253967
9.0	8339.247288150696	1344.0850663739034
9.18	8339.721114695896	1345.688810501245
9.3	8340.124977136235	1345.8227050880103
9.4	8340.503944920725	1345.8467873043128
9.48	8340.831365772054	1345.8506673541544
9.54	8341.114554096448	1345.8534924025332
9.6	8341.467484587758	1345.8568166319224
9.65	8341.952989860494	1345.8634711813281
9.7	8342.448441539073	1345.8707191223964
9.74	8342.708416088	1345.8735464871363
9.78	8343.17129750902	1345.8782835787558
9.81	8343.526434052483	1345.8819425640606
9.85	8343.903288989188	1345.888653851141
9.9	8344.40319093947	1345.8979171657795
9.95	8344.75053345475	1345.9024820235543
10.0	8345.0872066961	1345.9071750951687
10.04	8345.341149150907	1345.9105455399497
10.08	8345.5967700858	1345.9135663324332
10.11	8345.888096841923	1345.9165525483538
10.12	8346.011841847305	1345.9181438828098
10.13	8346.145988890523	1345.9211143983528
10.14	8346.301278325018	1345.927285225109
10.15	8346.438059227097	1345.9351259569376
10.18	8346.780920089537	1346.0015992452309
