6.0	873.727917211489	125.46565509356603
6.1	1062.3721518687155	166.9528581325581
6.18	1223.6343053670528	210.05189246981053
6.24	1345.8722495224795	249.4164911388704
6.3	1463.3064659010302	295.8733772196045
6.35	1552.3007509100944	339.9907573512537
6.4	1639.4320949781838	387.1800016716991
6.44	1733.2233688192175	422.8267216022027
6.48	1838.1222890527647	454.7830712203107
6.51	1897.3024761276547	477.2746879248821
6.54	1940.9834641808875	497.6885569978348
6.57	1980.880298336019	516.3625288824176
6.6	2025.737703528108	534.6544708712531
6.63	2087.5892663568593	553.2457514800163
6.65	2135.342599737824	566.0043767235138
6.68	2189.9111511833876	585.5688457048003
6.7	2209.1645028571065	598.606743470144
6.72	2217.486128577301	611.028429289893
6.74	2220.703023751554	622.0323576524953
6.76	2222.827758490765	631.445028450755
6.78	2224.616566576859	639.9965257526471
6.81	2226.829467620479	651.6569140463383
6.85	2229.1816084579186	665.7393166504426
6.86	2229.7121087491814	669.1823753180602
6.88	2230.686049164968	675.8772696637756
6.89	2231.1170388479172	679.0813456781661
6.9	2231.5274090622383	682.2459570561797
6.92	2232.294718518708	688.4830233121916
6.93	2232.6431248858166	691.5198425382009
6.94	2232.9677209419647	694.5016645499932
6.95	2233.266189619276	697.4289237938083
6.97	2233.794996723082	703.1200732261067
6.98	2234.033355885758	705.8936530902092
6.99	2234.258160299365	708.6190301715693
7.0	2234.468646492667	711.297129631649
7.04	2235.157911174416	721.5520087351755
7.08	2235.6536191164028	730.9900322431212
7.11	2235.9386964966634	737.4574675966666
7.15	2236.2289230254532	745.4322332168917
7.18	2236.4007479047714	751.0661995665791
7.2	2236.4926173596464	754.6434982633948
7.23	2236.613562305971	759.7637930264988
7.26	2236.7078496039376	764.4935572670112
7.28	2236.7570483386676	767.4136780405502
7.3	2236.800551747847	770.1732711710928
7.34	2236.8689948204	775.1621850973834
7.38	2236.9175641269712	779.5601395998417
7.41	2236.9444353084496	782.5503226591386
7.45	2236.9700962685624	786.1532940604108
7.48	2236.985249579829	788.6042113422319
7.51	2236.995953701642	790.765495356683
7.53	2237.0010464037	792.0516143347514
7.56	2237.007464815688	793.8181548172699
7.58	2237.0103888328795	794.8351660819258
7.6	2237.012325038175	795.7331626942122
7.62	2237.014060035957	796.5835174729068
7.64	2237.0155743617884	797.376692571806
7.66	2237.0168006996405	798.0973582003057
7.68	2237.0176312386156	798.7215860447124
7.7	2237.01817625574	799.2626431894843
7.74	2237.019045258018	800.2086403659061
7.78	2237.0301928235535	800.9234191345486
7.81	2237.0477232001836	801.3287266584865
7.85	2237.0729882449837	801.7835462111207
7.87	2237.0864013855207	801.9644089074999
7.9	2237.107644889586	802.1593866625636
7.93	2237.130422933564	802.2942362499107
7.95	2237.1462125389057	802.3736607641971
7.98	2237.1677606069265	802.4639896345001
8.0	2237.1807810287282	802.5055236270027
8.3	2237.495114479776	802.9190386295467
8.48	2237.8330740001616	802.9249309189122
8.6	2238.092026054979	802.9292256215775
8.7	2238.3242639520013	802.9334043869469
8.78	2238.5558338596197	802.9375374372408
8.85	2238.7706065780335	802.941708104825
8.9	2238.9280860850436	802.9451797316823
8.95	2239.1089100685354	802.9492977833852
9.0	2239.313621980048	802.9539022540414
9.18	2240.4047541973387	802.9833652359521
9.3	2241.3248392768983	803.0121077550717
9.4	2241.9583563917445	803.0333071712679
9.48	2242.4250760596797	803.0511526216598
9.54	2242.793147560765	803.0666675466047
9.6	2243.207737390959	803.0834433566404
9.65	2243.5385366099713	803.0973665159987
9.7	2243.836283638195	803.1112375299713
9.74	2244.0902356940123	803.1230326482216
9.78	2244.351101692629	803.1352694196522
9.81	2244.55366512902	803.1446115754892
9.85	2244.839077108919	803.1575423158594
9.9	2245.1842622222616	803.1748228614595
9.95	2245.5400079559786	803.1920137515441
10.0	2245.9831865928263	803.2109948544512
10.04	2246.6928276752915	803.2480532123742
10.08	2247.8849845524055	803.3156840580413
10.11	2248.65183652256	803.359542518087
10.12	2248.789575587007	803.3668495234955
10.13	2248.891191028114	803.3715794533127
10.14	2248.9821075501523	803.3754141622209
10.15	2249.0671849309447	803.3796889556132
10.18	2249.5368512077107	803.4083840835501
