6.0	895.6893238990854	44.985983112370185
6.1	1173.5621370747594	58.80182335252566
6.18	1455.9518657279625	72.78283538601205
6.24	1711.4442305277785	85.39326615578418
6.3	2015.2523252368273	100.3453822499375
6.35	2312.8768414935353	114.98063708860303
6.4	2654.8276334925254	132.45336085630697
6.44	2957.0064709466324	149.83266500819136
6.48	3269.3021748990127	171.18359302612595
6.51	3495.6302158354833	189.22838738972257
6.54	3703.873346826645	207.65988859891755
6.57	3897.779987922716	225.88868854916288
6.6	4081.99536920924	243.48159508634873
6.63	4254.245731298807	260.6340855859456
6.65	4362.485586242482	272.21722885623444
6.68	4516.353045929926	289.86119237916296
6.7	4613.058233445573	301.9788398669532
6.72	4705.4166258325695	314.6801715929478
6.74	4792.197940498698	327.66365408159885
6.76	4870.530562138729	340.7033278451876
6.78	4942.695290337522	354.02643389009063
6.81	5041.792891787561	373.9803531752471
6.85	5156.776681047643	399.71060546387383
6.86	5183.290798197073	406.0432638634471
6.88	5232.0816482934715	418.9822056613648
6.89	5254.17846241599	425.54154037165483
6.9	5275.887368258295	432.1485551944116
6.92	5317.806833140889	445.47313985679966
6.93	5337.576516867401	452.15490627815467
6.94	5356.432720808643	458.85541308542406
6.95	5374.377817584201	465.5681447226066
6.97	5407.192937810144	479.0223118327279
6.98	5421.886511771797	485.75842829867753
6.99	5434.60799698266	492.4908999232064
7.0	5445.670210048366	499.1758649128904
7.04	5486.038850426389	524.8563269234687
7.08	5519.322106751366	549.5194124427918
7.11	5537.728254306854	567.8494355232624
7.15	5555.672877707636	591.4470945612563
7.18	5566.7117707276075	608.1779538173723
7.2	5572.661775301016	618.9563998267087
7.23	5578.709011443175	634.8762921055553
7.26	5582.598074294195	650.3297662059133
7.28	5584.923754712314	660.2088047237847
7.3	5587.017724325577	669.6895720929421
7.34	5590.378149841375	687.4987641481276
7.38	5592.894296052632	704.296149735954
7.41	5594.481937573689	716.6089473448175
7.45	5595.990006573025	732.4495723696394
7.48	5596.734423983678	743.7566931220392
7.51	5597.385326440712	754.5267053548009
7.53	5597.762438643575	761.3982156485266
7.56	5598.228422576189	771.3025818518537
7.58	5598.480132983663	777.6114779663247
7.6	5598.6957751510445	783.6379905738386
7.62	5598.858258036715	789.2193987817866
7.64	5598.98167431114	794.4413109776718
7.66	5599.094920843978	799.5408008848246
7.68	5599.193968310953	804.4869063052929
7.7	5599.277077743355	809.2781150235686
7.74	5599.416615173776	818.509796699679
7.78	5599.527240803204	827.27726905582
7.81	5599.593290446608	833.5668214567522
7.85	5599.6644172560555	841.588120614673
7.87	5599.693878400608	845.4564674395773
7.9	5599.737665562984	851.1446816850613
7.93	5599.777590439167	856.6305937746339
7.95	5599.8000395966155	860.1579259771083
7.98	5599.828075616857	865.3102319457515
8.0	5599.841935156556	868.6232010573209
8.3	5599.970305312095	914.6843357306443
8.48	5599.98025971941	930.789480752663
8.6	5599.982339952325	937.6160951336801
8.7	5600.047993991004	941.8767223859606
8.78	5600.175800786997	944.6112496046474
8.85	5600.2996365812505	946.6311422845271
8.9	5600.382964256468	947.8898320515751
8.95	5600.470073442055	948.8021666526529
9.0	5600.563672297281	949.4192468702397
9.18	5600.936473261221	950.6856025612526
9.3	5601.256394946517	950.791916260785
9.4	5601.557885281162	950.8111006339493
9.48	5601.819230999754	950.8141980754693
9.54	5602.0458298526355	950.8164586016431
9.6	5602.328822087668	950.8191240719483
9.65	5602.718939242211	950.8244724452555
9.7	5603.11751623538	950.8303024788422
9.74	5603.327027702529	950.8325810749302
9.78	5603.700701650844	950.8364051046148
9.81	5603.988218956959	950.8393682076453
9.85	5604.297224518327	950.8448769026102
9.9	5604.7099972265905	950.8525160555356
9.95	5605.000954849127	950.8563405444125
10.0	5605.28636318773	950.8603198019389
10.04	5605.504106920515	950.8632083975364
10.08	5605.72555126883	950.865825123195
10.11	5605.9807130067375	950.8684396148958
10.12	5606.08954300781	950.8698400756849
10.13	5606.207886145788	950.8724628478724
10.14	5606.345229613538	950.8779258289742
10.15	5606.466491924069	950.884881991896
10.18	5606.772039982083	950.9443293296019
