6.0	673.8152083864948	66.56079335394087
6.1	860.90855638098	87.7430361759398
6.18	1035.8833008399165	110.08599353251799
6.24	1177.4347160829252	131.15257865260577
6.3	1327.149499328093	156.83223766725473
6.35	1451.6999890486009	182.5380357611101
6.4	1573.235931019788	212.73171172680483
6.44	1672.7299528147057	240.22520642323303
6.48	1777.2047638235965	270.7482198055392
6.51	1856.0931874418034	294.7937247991892
6.54	1928.000624124698	317.2237511428818
6.57	1990.715478570889	337.01028658565946
6.6	2042.4379234297903	355.1607058372939
6.63	2084.9967084462523	372.22018554591324
6.65	2111.905098946467	383.1681597772666
6.68	2151.0329406716774	399.21777016539437
6.7	2177.0805981775197	409.85282421209575
6.72	2204.5272504748214	420.63886244527026
6.74	2227.803796499101	431.43074296218913
6.76	2239.6510899248246	441.792698293638
6.78	2244.162984571871	451.48084827961884
6.81	2250.1335707486787	465.1347054772068
6.85	2256.5589893373567	482.23906601339576
6.86	2257.8940319396875	486.35651057035415
6.88	2260.3748593582104	494.3917838236457
6.89	2261.4962557919634	498.2588435073221
6.9	2262.5619850074936	502.06979244996364
6.92	2264.5455413305763	509.4578076872154
6.93	2265.4455111396755	512.9761812739239
6.94	2266.2849115655963	516.3974352967715
6.95	2267.0622942549858	519.7574055441194
6.97	2268.359307809734	526.2830207772723
6.98	2268.8974725345547	529.4544895280501
6.99	2269.4109892551555	532.5778870883632
7.0	2269.8966704321265	535.6495277834475
7.04	2271.574059233291	547.4481893917515
7.08	2272.808846712395	558.2631070790503
7.11	2273.5112038884167	565.7421762978021
7.15	2274.2378707793678	575.2186056340917
7.18	2274.643665929054	582.013468099513
7.2	2274.8594234160487	586.3373376436405
7.23	2275.1238333059014	592.470360340755
7.26	2275.3391194708556	598.1889374080445
7.28	2275.455998756522	601.8142507821633
7.3	2275.561713494042	605.3527854005039
7.34	2275.736760444153	612.1257462477957
7.38	2275.869067676024	618.4464576562917
7.41	2275.9460760648517	622.8400444014727
7.45	2276.0235778574674	628.2032676445195
7.48	2276.068714793216	631.8411352849901
7.51	2276.1032697569117	635.1869948545375
7.53	2276.12295692869	637.3183865605722
7.56	2276.147341517558	640.342219223382
7.58	2276.1598814216413	642.2259809601212
7.6	2276.1705837969284	644.0181153162414
7.62	2276.179960273284	645.7202546729828
7.64	2276.1876729773544	647.315923684207
7.66	2276.193361331431	648.7811548966314
7.68	2276.197876201138	650.1458301895206
7.7	2276.2019300803413	651.4355702742819
7.74	2276.207540566998	653.7168168160717
7.78	2276.210706629581	655.6758355116634
7.81	2276.2125564748844	656.9904180362721
7.85	2276.2140929777465	658.4664285379157
7.87	2276.214531034792	659.0952346393941
7.9	2276.2213900114843	659.9709857868808
7.93	2276.2353910399825	660.7075503791414
7.95	2276.245257833321	661.1078794868912
7.98	2276.2607374139293	661.6486159939229
8.0	2276.2715076136424	661.9710631434492
8.3	2276.515648236065	665.3499479371595
8.48	2276.755997414538	665.4248306434492
8.6	2276.9549004700275	665.4285617090397
8.7	2277.135360565298	665.4318200358325
8.78	2277.2891803290136	665.4347096815851
8.85	2277.4433139526363	665.4376719964166
8.9	2277.560736482262	665.4398355866812
8.95	2277.687621259352	665.4422519028226
9.0	2277.8315543012186	665.4451425944563
9.18	2278.5477688181204	665.4634961282209
9.3	2279.1373904231027	665.4829632656453
9.4	2279.584113288945	665.4996230883003
9.48	2279.920584971039	665.5136989846233
9.54	2280.177565904579	665.525543850663
9.6	2280.4779396807953	665.5395803232126
9.65	2280.7719860422335	665.5539034308385
9.7	2281.0939386644086	665.5699259269228
9.74	2281.3759574884402	665.5842157553702
9.78	2281.716716159709	665.6031424471693
9.81	2282.0068899958396	665.6198184469641
9.85	2282.465986610616	665.646470606491
9.9	2283.2384233223534	665.6927848138699
9.95	2284.2734263104735	665.7549225340517
10.0	2285.653742357126	665.8377575466066
10.04	2287.0679468926032	665.9243809855209
10.08	2288.8252964668163	666.0332316683214
10.11	2290.316910761092	666.1269200031339
10.12	2290.8254004163723	666.159602259258
10.13	2291.3451008117913	666.1930593202475
10.14	2291.8783646655825	666.2277583069205
10.15	2292.427573815923	666.2643082824251
10.18	2294.2066794923794	666.3831878204502
