6.0	578.1202986364037	84.24445555488526
6.1	703.3183202350353	112.05932487406412
6.18	810.5586358693769	140.93915158990472
6.24	891.9645886694614	167.3195306292788
6.3	970.3240166741986	198.45921763277977
6.35	1029.853447777523	228.0435399396782
6.4	1087.9030393185626	259.73834708964756
6.44	1149.9133886486557	283.8067146124442
6.48	1219.28214926033	305.54422515967354
6.51	1258.621020769302	320.9208642052832
6.54	1287.836171462169	334.95482805447176
6.57	1314.6567040729512	347.8623137480279
6.6	1344.9378260074668	360.5402057510028
6.63	1386.7551675987909	373.44127599421574
6.65	1419.070484503154	382.2969261251174
6.68	1456.0737804982875	395.8814511658219
6.7	1469.1820829558487	404.94454318046087
6.72	1474.8888511885123	413.5981629414624
6.74	1477.1303184091573	421.29356785551977
6.76	1478.6235481222939	427.9068842616154
6.78	1479.8827888144526	433.93277606020513
6.81	1481.4429902732418	442.1707271810683
6.85	1483.1057359288525	452.1525775800158
6.86	1483.4814259992074	454.59670753150374
6.88	1484.1718200405744	459.3537410330412
6.89	1484.4777227077827	461.63312215249124
6.9	1484.7691691623852	463.8857459511703
6.92	1485.3145784200688	468.3294564525818
6.93	1485.562499544514	470.49558179834054
6.94	1485.7936371429587	472.62409575601066
6.95	1486.0063062762058	474.7152219724945
6.97	1486.383426313615	478.7850874244735
6.98	1486.5535691823254	480.7705365373286
6.99	1486.7141450705003	482.72272533288117
7.0	1486.8645989340375	484.6422504170383
7.04	1487.357916882742	492.0025802309877
7.08	1487.7136449127415	498.7931909528133
7.11	1487.918670345488	503.4570569013118
7.15	1488.12786125232	509.21976568591975
7.18	1488.2519434064095	513.2981057402085
7.2	1488.318386135805	515.8909902017251
7.23	1488.4059705821007	519.6069459602204
7.26	1488.4743655222599	523.0450667467182
7.28	1488.510112023067	525.1708163028135
7.3	1488.5417557952155	527.181991680021
7.34	1488.591611514804	530.8237164125683
7.38	1488.6270710775764	534.0409293283452
7.41	1488.6467225834958	536.2318234310868
7.45	1488.6655207701485	538.8757653416137
7.48	1488.6766409825457	540.6772833542859
7.51	1488.6845083113437	542.2683194664535
7.53	1488.6882568073584	543.2163204465953
7.56	1488.6929860604544	544.5198984478524
7.58	1488.6951431156417	545.2713413212552
7.6	1488.6965732149579	545.9355348492917
7.62	1488.6978560007326	546.5650398518374
7.64	1488.698976696023	547.1527161677271
7.66	1488.6998850324337	547.6871050728126
7.68	1488.7005006632342	548.1503768844484
7.7	1488.7009050806384	548.5523339202314
7.74	1488.7015508394584	549.256050993059
7.78	1488.7097939162375	549.7886355024966
7.81	1488.722762395458	550.0911094926837
7.85	1488.7414810854007	550.4310197240872
7.87	1488.7514318831873	550.5663748273057
7.9	1488.7672096811168	550.7124368545436
7.93	1488.7841510769194	550.8136039137157
7.95	1488.7959091277955	550.8732484139
7.98	1488.8119720222844	550.9411372830167
8.0	1488.8216886271787	550.9723912150024
8.3	1489.0579193757633	551.2837431597163
8.48	1489.314176348498	551.2882200001025
8.6	1489.5116403643788	551.291495785706
8.7	1489.6895911180193	551.294697761817
8.78	1489.8676218873647	551.2978753512702
8.85	1490.0331974668943	551.3010910969451
8.9	1490.1549101334633	551.303774363395
8.95	1490.294929906729	551.3069631665962
9.0	1490.45374837997	551.3105352868173
9.18	1491.305213848134	551.3335423926352
9.3	1492.0273866167763	551.356103401818
9.4	1492.527063204019	551.3728266345369
9.48	1492.8965331011104	551.3869567203291
9.54	1493.1886370785428	551.3992711295873
9.6	1493.518333463307	551.4126105953382
9.65	1493.7818830707172	551.4237037555307
9.7	1494.0195751440313	551.4347764559708
9.74	1494.222626260529	551.4442079022754
9.78	1494.4314586471303	551.4540037561336
9.81	1494.593772029375	551.4614889702837
9.85	1494.822740014317	551.4718615318346
9.9	1495.1000970642656	551.4857481212605
9.95	1495.386443969403	551.4995834540849
10.0	1495.7436908609636	551.5148849619358
10.04	1496.3166640211878	551.5448085327131
10.08	1497.2851616281532	551.5997620046336
10.11	1497.9123365380126	551.6356302238459
10.12	1498.0255278243596	551.6416347787775
10.13	1498.1092126878723	551.645529903258
10.14	1498.1842091191465	551.6486929604674
10.15	1498.2545467001667	551.65222798636
10.18	1498.6450384924215	551.6760900355815
