6.0	291.87560163506316	25.04623319408399
6.1	378.86714281648506	32.83332114599279
6.18	465.2089552934392	40.81348401807383
6.24	541.2877674254431	48.126885044165306
6.3	629.769424477666	56.86420795590905
6.35	713.1699827316652	65.50920677188296
6.4	803.987332788579	75.80731766372939
6.44	880.6125321548886	85.62574927741048
6.48	958.5565445017035	97.14811835097508
6.51	1018.5082039626922	106.93193087334085
6.54	1081.569120132109	117.48978869357782
6.57	1147.2662011769835	128.27160120486295
6.6	1209.931848275845	138.73146045003526
6.63	1263.090647477045	149.1059876770969
6.65	1293.236057764471	156.24858071058844
6.68	1332.4971577560416	167.376871085964
6.7	1353.687672415726	174.97008043772155
6.72	1372.051424996563	182.4946522451663
6.74	1388.123953498554	189.83157388223566
6.76	1401.4321568344178	197.01435339179895
6.78	1413.1168425125147	204.1192972395927
6.81	1428.1187788099905	214.44536944850122
6.85	1443.3139847974364	227.9711237838348
6.86	1446.5056442832456	231.40720484646639
6.88	1452.5057222481266	238.3049182375302
6.89	1455.2502299813932	241.73248876067265
6.9	1457.845432078131	245.17269753176416
6.92	1462.4472088813068	252.06818110363395
6.93	1464.3788030450887	255.48437645505518
6.94	1465.9157847351485	258.87782215003915
6.95	1467.1471411830444	262.24820451352656
6.97	1469.4900489241393	268.88018711163005
6.98	1470.5971807605451	272.13024197489426
6.99	1471.6555174973746	275.3015946012197
7.0	1472.6628068122484	278.4194337385907
7.04	1476.1178429267286	290.81675157581265
7.08	1478.5582289555214	302.98048491209266
7.11	1479.934808160128	311.89135811393635
7.15	1481.5040085010664	323.4000260468152
7.18	1482.4021082086394	331.6923286027934
7.2	1482.8840221024764	337.0677488862315
7.23	1483.5454481815782	344.9096663322517
7.26	1484.110108394303	352.4070374084586
7.28	1484.4210638940478	357.16715154416295
7.3	1484.6909253561537	361.7354570135052
7.34	1485.1273731115489	370.43945846103253
7.38	1485.4545645232258	378.7823831269455
7.41	1485.657899322085	384.8827437039246
7.45	1485.8771542471288	392.75694722199455
7.48	1486.0115797144015	398.4245288055189
7.51	1486.1204459516173	403.8244447530599
7.53	1486.1855168698335	407.30156225200034
7.56	1486.2695737558067	412.3841216229779
7.58	1486.3170918244473	415.6947807737126
7.6	1486.3612873069765	418.96400594379526
7.62	1486.4012604458408	422.16842485379914
7.64	1486.4355090752738	425.27675815323954
7.66	1486.4654771506057	428.3020557831954
7.68	1486.4928073552667	431.2463650483981
7.7	1486.5168949296196	434.0875689578991
7.74	1486.556416468745	439.49037868787485
7.78	1486.5861875429857	444.5446461203385
7.81	1486.6029481406038	448.10783218393817
7.85	1486.6204313597234	452.57634826757015
7.87	1486.6272529152707	454.6747968236956
7.9	1486.6352014475253	457.6792953505728
7.93	1486.6418331805348	460.5610522281774
7.95	1486.645491973617	462.38740046743777
7.98	1486.649498782943	464.9347464797179
8.0	1486.6514633954523	466.5192073845039
8.3	1486.7444559799399	486.6876605693268
8.48	1486.980863421437	491.3007324564953
8.6	1487.236440367728	492.581978827581
8.7	1487.4614650242315	492.9174158701737
8.78	1487.6818430777435	492.98624927820987
8.85	1487.8881004140765	492.99697590958095
8.9	1488.0388366148168	493.00040335186424
8.95	1488.2076511374453	493.00383880500226
9.0	1488.3981039579862	493.00685240985973
9.18	1489.2609288549993	493.02228381682613
9.3	1490.0092304859106	493.03960744959306
9.4	1490.7634447603127	493.06039395446373
9.48	1491.483610927957	493.0843915784155
9.54	1492.0178716026517	493.10445656641957
9.6	1492.5466022922876	493.12262483288146
9.65	1493.05014399179	493.1368175984572
9.7	1493.5311760842624	493.151206064347
9.74	1493.8885459735814	493.16574771052456
9.78	1494.2416454368115	493.1840774963123
9.81	1494.5101692676603	493.19933896127884
9.85	1494.8707890455255	493.22095297458065
9.9	1495.3624778127057	493.2443090667896
9.95	1495.9010636266867	493.2661481333388
10.0	1496.4760990351558	493.2928226127374
10.04	1497.010583993331	493.3205679265624
10.08	1497.6576274251413	493.3570865716653
10.11	1498.2580246773543	493.3901243904701
10.12	1498.4926802585574	493.40378249591225
10.13	1498.8365905231783	493.42542238186417
10.14	1499.3863420355049	493.4617425319127
10.15	1500.1360937955374	493.5114487480472
10.18	1503.0495699597348	493.7138802107744
