6.0	364.3130110907461	21.307140453685673
6.1	477.0283520315041	27.801244323381304
6.18	591.4339690277036	34.350821495729924
6.24	694.8286323969679	40.24164539004026
6.3	817.5878845161814	47.200129757564284
6.35	937.6586717041016	53.98305770106525
6.4	1075.6572127006316	61.99405997922926
6.44	1198.3363158077946	69.78804843089998
6.48	1327.0161202656618	79.17725058959394
6.51	1422.359112288993	87.13940558386524
6.54	1512.7627040470427	95.48528387719752
6.57	1599.5168401904336	103.9839668802151
6.6	1683.8827560587954	112.45412773740932
6.63	1764.6500250450683	120.97708936274553
6.65	1816.3402184052047	126.8352215361237
6.68	1891.1100490774081	135.8953725284515
6.7	1938.9702369425463	142.19038070222228
6.72	1985.2768561551213	148.82196426747126
6.74	2029.3731401719363	155.67679875665638
6.76	2069.82703698044	162.67296120081943
6.78	2107.6303046517314	169.8972741140228
6.81	2160.4435526897573	180.89387541126533
6.85	2223.2162283137245	195.47700534099613
6.86	2237.889643129157	199.1321129745021
6.88	2265.1076840996616	206.6488877882001
6.89	2277.5659131972043	210.4900106704023
6.9	2289.863020808887	214.37537959616304
6.92	2313.7825077219986	222.26520011585512
6.93	2325.1689418601836	226.2550467421746
6.94	2336.0943172513325	230.27817569262098
6.95	2346.5537577630153	234.33104920447914
6.97	2365.8570572466365	242.52094814584086
6.98	2374.589645566205	246.65588279561072
6.99	2382.211382885872	250.8172197145214
7.0	2388.899411502654	254.97921608087378
7.04	2413.6074926458678	271.23215166871523
7.08	2434.3889578931785	287.22177314362904
7.11	2446.0989130959465	299.3133600630327
7.15	2457.747637819068	315.1812182520491
7.18	2465.040178019498	326.6685002998798
7.2	2469.019915690332	334.17422516674657
7.23	2473.1210738543787	345.3901602667747
7.26	2475.815204459644	356.43578679199726
7.28	2477.446009147237	363.5901492871978
7.3	2478.9277455816673	370.5316969845192
7.34	2481.33502225366	383.77289834186354
7.38	2483.173249588237	396.50485466806623
7.41	2484.351484406722	405.97431999120346
7.45	2485.488523030445	418.3418267325172
7.48	2486.062752670444	427.3158584360263
7.51	2486.57177342754	435.98574213015934
7.53	2486.86984648528	441.5841468239358
7.56	2487.2423892358797	449.7413244543636
7.58	2487.4465681954725	454.99585348280715
7.6	2487.6233803643468	460.06238419067796
7.62	2487.758459654125	464.80629783755273
7.64	2487.862642264131	469.29348593838534
7.66	2487.9589542501794	473.7129420483101
7.68	2488.0438918157133	478.03775350212317
7.7	2488.1158644976967	482.26489856670923
7.74	2488.2381551935064	490.51068345843225
7.78	2488.3366306841544	498.472799254804
7.81	2488.396338955941	504.2658446581797
7.85	2488.4614538736337	511.7548018732594
7.87	2488.488732814556	515.4089845575872
7.9	2488.529400993361	520.8286366235793
7.93	2488.566725486062	526.113635440867
7.95	2488.5879291008987	529.5449151420848
7.98	2488.6147099633836	534.6024518112979
8.0	2488.628107511348	537.8854618165569
8.3	2488.7539622299537	584.8980909814849
8.48	2488.7649649961895	602.9819403535427
8.6	2488.767417379229	611.1107328903911
8.7	2488.844187016354	616.3689253512175
8.78	2488.99539931901	619.8264055371143
8.85	2489.1452565212967	622.4295653208327
8.9	2489.2480567244643	624.0730063129362
8.95	2489.3573503184175	625.2775328223695
9.0	2489.476293835269	626.1021415246247
9.18	2489.967349619106	627.8116050712043
9.3	2490.4091384315316	627.9608302388286
9.4	2490.838149891475	627.9883609453892
9.48	2491.2188096655254	627.9928764581207
9.54	2491.554537023431	627.9962259574396
9.6	2491.9801100977065	628.0002343662711
9.65	2492.575351915786	628.0084072305089
9.7	2493.188368714027	628.0173657530373
9.74	2493.514697775008	628.0209150960644
9.78	2494.103464813307	628.0269389567386
9.81	2494.557941835466	628.031622997877
9.85	2495.0465875793293	628.0403332799443
9.9	2495.6986974250385	628.0524044335735
9.95	2496.1574360284944	628.0584342526707
10.0	2496.6067291031186	628.0646982187112
10.04	2496.949003465234	628.0692390869247
10.08	2497.2966497806606	628.07334711723
10.11	2497.696687830781	628.0774463548182
10.12	2497.8672247902273	628.0796408043809
10.13	2498.0525851304396	628.0837491666653
10.14	2498.2676518723415	628.0923035828326
10.15	2498.4575060730617	628.103194254686
10.18	2498.9356178491366	628.1961760371324
