6.0	229.35536105347072	37.617870275511365
6.1	280.13718066023534	49.893000525974514
6.18	324.26415225924814	62.5840874688625
6.24	358.1194916161508	74.17829597110817
6.3	391.17110260873886	87.87741570421421
6.35	416.73933042277935	100.93044263941552
6.4	441.057256030205	115.07485478266041
6.44	465.6265672077165	126.2053809640823
6.48	493.0914147030198	136.7536914126028
6.51	509.25558319258386	144.46313081824866
6.54	521.766534013899	151.75898951278668
6.57	533.620346773307	158.70714996236777
6.6	547.3531710126645	165.65420496592782
6.63	566.4252390878552	172.78236243371114
6.65	581.2502970230569	177.684307734045
6.68	598.5105195174183	185.2228974458738
6.7	604.8076913371191	190.29104031328507
6.72	607.7015099438598	195.20214087362493
6.74	608.9705639157619	199.68354792536653
6.76	609.8649007173569	203.65606906305874
6.78	610.6277548350572	207.3471642046666
6.81	611.5832911709541	212.4837261579198
6.85	612.6204795589505	218.8487897591784
6.86	612.8577378919189	220.42324787973774
6.88	613.2966732445378	223.50776466204636
6.89	613.4928662850294	224.99802348210727
6.9	613.6805823649602	226.47671333442173
6.92	614.0339351381574	229.41187583722268
6.93	614.195768550776	230.8538520632108
6.94	614.3473683544449	232.2781339466998
6.95	614.4874796295617	233.6845420483783
6.97	614.737450193483	236.4418018335767
6.98	614.8509552183975	237.79624280299237
6.99	614.9585836043549	239.1338748690144
7.0	615.0599186928924	240.4548269444814
7.04	615.3952151036788	245.56841553441438
7.08	615.64150829361	250.36602975943558
7.11	615.7856484193146	253.71313482326906
7.15	615.9350074335313	257.9081796909179
7.18	616.0247688016982	260.9131634487649
7.2	616.07334245126	262.84065760623446
7.23	616.1379502718908	265.62713347084645
7.26	616.1889992325761	268.23442958745545
7.28	616.21598532892	269.86273674947057
7.3	616.2400599127844	271.41544072386216
7.34	616.2783712564393	274.2584681560249
7.38	616.3060533074328	276.807412112499
7.41	616.3215771328375	278.5625159055454
7.45	616.3366037840675	280.70327431845254
7.48	616.3456009108124	282.17870718302447
7.51	616.3520349532532	283.49553271531295
7.53	616.3551321984179	284.287215981995
7.56	616.3590690609318	285.3843936831925
7.58	616.3608799457264	286.02259485196464
7.6	616.3620911396702	286.59086058495683
7.62	616.3631852293433	287.1327387027232
7.64	616.3641472089654	287.6415369316755
7.66	616.3649314653694	288.106782430177
7.68	616.3654657937791	288.5124878290065
7.7	616.3658193790812	288.8669863452845
7.74	616.366389751879	289.49335641308807
7.78	616.3734190706882	289.9728025699679
7.81	616.384510839276	290.24810245420025
7.85	616.4006918223681	290.56054860370756
7.87	616.4093739174682	290.6861664212585
7.9	616.4232515020635	290.82267083743193
7.93	616.4383014320313	290.9182093797112
7.95	616.4488359528264	290.974912034456
7.98	616.4633322967716	291.0398172662759
8.0	616.4721686931438	291.06995433672023
8.3	616.6980406460355	291.37145282829647
8.48	616.9585927903584	291.3760702001902
8.6	617.1674395547475	291.37954059533644
8.7	617.3621300823273	291.38304313044637
8.78	617.5615175246439	291.3866019476701
8.85	617.750612369491	291.3902774859617
8.9	617.8920561408142	291.393396340798
8.95	618.0569398138647	291.39715145189535
9.0	618.2465484891674	291.4014157192686
9.18	619.3051799742352	291.4301539541456
9.3	620.2399971003251	291.45936658522834
9.4	620.909486919185	291.4817915736709
9.48	621.4170170868781	291.5012175731709
9.54	621.8255134112463	291.5184437544093
9.6	622.293844102403	291.537384141589
9.65	622.6732448231617	291.5533659770304
9.7	623.0199143862905	291.569511235129
9.74	623.319088916927	291.5834099030727
9.78	623.6295913466943	291.5979733340772
9.81	623.8729002411366	291.60919492467707
9.85	624.2188484444399	291.6248657099682
9.9	624.6420327949432	291.64607165839135
9.95	625.0840335442774	291.6674072963343
10.0	625.6412895665218	291.69128496077565
10.04	626.5449135647101	291.7384904704792
10.08	628.0768729860258	291.82541452243174
10.11	629.0690632946054	291.88215789263893
10.12	629.2479782828127	291.8916489030203
10.13	629.3801995724019	291.89780300202364
10.14	629.4986857284587	291.90280044409286
10.15	629.6097598826777	291.90838232380764
10.18	630.2259832318389	291.9460353782242
