6.0	828.5545609086703	46.2300207640455
6.1	1083.7822814871245	60.46256665024779
6.18	1342.394100872276	74.88482752607197
6.24	1575.5401154678311	87.92888112735926
6.3	1850.211488348421	103.57079301512596
6.35	2116.0443009456203	119.09115280185036
6.4	2410.5636338008526	138.21026206133675
6.44	2661.389633450752	157.3375444264324
6.48	2925.23787514719	179.97338939156108
6.51	3134.526109468266	199.42038870449306
6.54	3347.173002609025	220.96419702928102
6.57	3543.952291479761	243.75538697829663
6.6	3708.4032359531625	266.18549699404184
6.63	3844.1763241610224	287.60727697756755
6.65	3926.177063428513	301.8902421984566
6.68	4038.9534621783687	323.7325717074213
6.7	4107.97863079033	338.36529839591265
6.72	4172.799428325037	352.85847857450267
6.74	4232.314139745034	366.9806859352258
6.76	4284.396881035447	380.90304573281406
6.78	4331.206021442456	394.9704540758624
6.81	4395.768314718158	415.7521938657005
6.85	4471.206662417452	442.5269193414375
6.86	4488.435665942497	449.1792415193615
6.88	4520.157876880032	462.7394936686996
6.89	4533.932182946575	469.6514112242925
6.9	4546.723856406691	476.67124084572214
6.92	4571.303272690171	490.7866998070791
6.93	4582.8483131808525	497.82389945256097
6.94	4593.766240533014	504.853175926952
6.95	4604.268622565211	511.85516899490295
6.97	4623.502946639073	525.7497994515235
6.98	4632.189249167987	532.6269218172395
6.99	4640.120218476888	539.3923131293286
7.0	4646.837961310598	546.0695761718817
7.04	4668.5796714258095	571.9058602420022
7.08	4685.487929820495	596.6398805947792
7.11	4694.848043908184	614.8303169086844
7.15	4702.784482409884	638.1576197942406
7.18	4706.886758194809	654.6230506916429
7.2	4709.362572587944	665.0883882171031
7.23	4712.471788196551	680.1447828382521
7.26	4714.929739568441	694.5236613510848
7.28	4716.37665626175	703.8432694421306
7.3	4717.719715534686	712.9322513634008
7.34	4720.031524872385	730.5339037746171
7.38	4721.835955939211	747.6391843024743
7.41	4723.0774584111705	760.2642180040156
7.45	4724.836084332944	776.705303060114
7.48	4726.263948967023	788.6298826073196
7.51	4727.936389230994	800.101179996001
7.53	4729.292125310175	807.4656687401172
7.56	4731.529675812731	818.2679436259774
7.58	4732.9639141062635	825.3383743940595
7.6	4734.297474394303	832.2749708393578
7.62	4735.5154473160355	839.0871526019349
7.64	4736.604265299032	845.7889047939706
7.66	4737.4690452470295	852.352333197065
7.68	4738.137717777671	858.7519877644621
7.7	4738.761207543472	864.9870084767243
7.74	4739.950693260598	877.0016793240251
7.78	4740.992010896726	888.5143620809008
7.81	4741.595398292826	896.8861415762759
7.85	4742.188462511851	907.6612190512535
7.87	4742.429414545079	912.8860082825269
7.9	4742.729117603834	920.5268718694315
7.93	4742.964587707518	927.9100813704924
7.95	4743.10088941772	932.6856957061327
7.98	4743.243208009219	939.6331803318384
8.0	4743.298898123676	944.1328362085328
8.3	4744.045003209311	1009.2198903739867
8.48	4744.390098175769	1035.2841609625484
8.6	4744.605746512141	1048.0350053095938
8.7	4744.764128004621	1056.2824334464528
8.78	4744.89174754352	1061.5937111193668
8.85	4745.009692609494	1065.285658866579
8.9	4745.103742383308	1067.4111740002688
8.95	4745.196822410857	1069.2526100499088
9.0	4745.276739467007	1070.8864754426274
9.18	4745.721421464812	1074.8017705194575
9.3	4746.160582994647	1075.3690492111173
9.4	4746.58158071493	1075.4328445506915
9.48	4746.9772021018925	1075.4515727235785
9.54	4747.351288619894	1075.4603648417844
9.6	4747.7104434511475	1075.4691269722623
9.65	4748.015014296545	1075.4724676457822
9.7	4748.329124953204	1075.4759036480955
9.74	4748.508687180641	1075.4782329116756
9.78	4748.735341667616	1075.4808013175195
9.81	4749.025376718137	1075.4846443535425
9.85	4749.383024420343	1075.4898973475763
9.9	4749.723415848321	1075.4990431431015
9.95	4750.084096287025	1075.5198981358153
10.0	4750.337537693293	1075.535371373099
10.04	4750.572637715338	1075.5487553839907
10.08	4750.823088664823	1075.5631741948196
10.11	4751.093870072805	1075.567250142032
10.12	4751.2070394415805	1075.5687940241671
10.13	4751.301930102371	1075.5697088170432
10.14	4751.40667166757	1075.5711514789766
10.15	4751.522880993628	1075.5751571626415
10.18	4751.821769699549	1075.6643894617955
