6.0	707.8456421960022	58.39671805076799
6.1	912.7342195464958	77.17278735992606
6.18	1116.43744713314	96.38913593980871
6.24	1297.813195021785	113.74775717161722
6.3	1503.663113251637	134.58261618957022
6.35	1692.672925643295	155.4274413098663
6.4	1887.4659461883875	180.8192941160346
6.44	2041.789894136475	205.19677928511487
6.48	2197.0037365408107	233.1909280540739
6.51	2314.015499483245	256.786400540951
6.54	2432.465793765217	281.1846270187192
6.57	2550.202534550475	304.60434095178596
6.6	2652.5831857081685	326.7689812688277
6.63	2733.2056414815206	348.56875309475356
6.65	2778.883192121369	363.26563998991463
6.68	2837.180037336339	384.62845187369254
6.7	2870.5842884155813	398.24920769318595
6.72	2900.7721666892517	411.4289009850873
6.74	2922.5299970317365	424.17202784705717
6.76	2935.169235159335	436.36805847393924
6.78	2945.2669574305983	448.09613372230297
6.81	2958.589603433483	465.0459146368645
6.85	2972.162130816311	486.8124671359738
6.86	2974.646943668965	492.1813345195543
6.88	2978.759106992063	502.7842316176232
6.89	2980.5202756120307	507.96018855101744
6.9	2982.223380563408	513.0996048036482
6.92	2985.4709194498973	523.2024951798323
6.93	2986.9502216540386	528.096671458678
6.94	2988.3340253476226	532.8940863203434
6.95	2989.6444881412826	537.588464871231
6.97	2992.0465813308247	546.6744829902123
6.98	2993.0745125394847	551.0593907953746
6.99	2993.9888406509476	555.3509360813026
7.0	2994.880815282927	559.5984505940596
7.04	2998.2086661707367	576.2796788788306
7.08	3001.0104544296937	592.2388469751106
7.11	3002.6529253033127	603.482246682685
7.15	3004.374553260621	617.4058486820559
7.18	3005.4496684270357	627.2000082292514
7.2	3006.0445057336574	633.4336314106072
7.23	3006.779079614471	642.3438175257529
7.26	3007.3172933006426	650.6908907425038
7.28	3007.5776958738	655.9286329276456
7.3	3007.810132255206	660.9465646136603
7.34	3008.1947023667676	670.552536093002
7.38	3008.493174540525	679.7054999575372
7.41	3008.671207191659	686.2318189955676
7.45	3008.8588274916942	694.4204214276228
7.48	3008.9674643568387	700.1091379612835
7.51	3009.0546456958637	705.3754287453411
7.53	3009.104440895585	708.6948735554555
7.56	3009.1674441811474	713.4911418627028
7.58	3009.203141986111	716.5681715068105
7.6	3009.2347976268816	719.5488296592287
7.62	3009.2611747048654	722.3999922434881
7.64	3009.283567557651	725.1296790426519
7.66	3009.303626775396	727.7572652570702
7.68	3009.320999115618	730.2677121702579
7.7	3009.3349139178267	732.6235306918546
7.74	3009.3565623419704	736.9955839888777
7.78	3009.372068900562	740.9488149125712
7.81	3009.379822635395	743.6403380524062
7.85	3009.3880332973736	746.9457858916201
7.87	3009.390773304218	748.4276478178883
7.9	3009.3936437980683	750.4908117236446
7.93	3009.396064950704	752.4385624363908
7.95	3009.397332160721	753.6384596847364
7.98	3009.3985749328363	755.2446681195108
8.0	3009.3991302545146	756.2167748384418
8.3	3009.4770836000216	767.6352762518076
8.48	3009.6811587628017	768.9459724908735
8.6	3009.9129075858996	769.0499134594999
8.7	3010.1161967512357	769.0602736840989
8.78	3010.2825547099765	769.0638655723184
8.85	3010.4383019846236	769.0665997579239
8.9	3010.5510506233213	769.0683364062394
8.95	3010.680002051758	769.0704918666283
9.0	3010.833973711509	769.0731493826988
9.18	3011.57517905405	769.0882840399678
9.3	3012.1614080095633	769.1029280877863
9.4	3012.6915296236825	769.11829289545
9.48	3013.1219051466	769.1336833394043
9.54	3013.4355629917427	769.1471920915336
9.6	3013.7401022853564	769.1617246520022
9.65	3013.9498935868346	769.1724876513158
9.7	3014.20113103079	769.1838976576544
9.74	3014.4416998613506	769.1947370548459
9.78	3014.7153729468146	769.2096695822729
9.81	3014.9645596572345	769.224224342462
9.85	3015.4157051882225	769.2511296749616
9.9	3016.1769786952527	769.2968239141038
9.95	3017.105969388742	769.3527284667272
10.0	3018.239440951393	769.4218915295371
10.04	3019.3340785837877	769.4887265665245
10.08	3020.6233057621084	769.5693468850164
10.11	3021.8847921461356	769.6488596745197
10.12	3022.42065621936	769.6836245699034
10.13	3023.0215771966136	769.724102610148
10.14	3023.6583544543073	769.7677007445935
10.15	3024.331628159	769.8146405440851
10.18	3026.5560868154107	769.9734980293055
