6.0	736.0313614986762	53.69535588803173
6.1	956.0046007763948	70.53577288999014
6.18	1174.3669498810928	87.90275270693415
6.24	1366.5053410840824	103.94666349201509
6.3	1589.9210184957228	123.23451760436242
6.35	1800.2470731923015	142.44235814332325
6.4	2027.5919587718827	165.57821035931025
6.44	2217.475217626936	187.86874051613128
6.48	2409.2713293965026	214.19191038682823
6.51	2556.26115927284	236.60545562326686
6.54	2711.4771065757077	260.5779507436705
6.57	2873.234067136723	284.40052386344894
6.6	3023.835693131689	306.5649394591326
6.63	3146.120796363115	327.78798940838146
6.65	3212.815059443857	342.1923778917646
6.68	3297.3277044058073	364.3609830720582
6.7	3341.41116686656	379.2429366504031
6.72	3378.847968411677	393.7205539536924
6.74	3410.9223638250232	407.55074920216475
6.76	3436.618738785072	420.83996131682966
6.78	3458.6466750351406	433.7944894727766
6.81	3486.468276623802	452.2264662651718
6.85	3514.0506441224993	475.7627910479424
6.86	3519.7650681800633	481.6736912500827
6.88	3530.4121916237737	493.45240787993345
6.89	3535.2317279782665	499.2504192422483
6.9	3539.765605158352	505.04395186337376
6.92	3547.738104106602	516.5734166149279
6.93	3551.0458535302164	522.232279011307
6.94	3553.660752637981	527.8188834728857
6.95	3555.7403853511955	533.3342776697147
6.97	3559.663886793325	544.088370912009
6.98	3561.5015543283903	549.3075372184624
6.99	3563.247366763403	554.3596900043289
7.0	3564.8986631690836	559.2921017916129
7.04	3570.4998153554143	578.6929852520612
7.08	3574.37302575978	597.3809880662153
7.11	3576.5147068711144	610.8450595037291
7.15	3578.916286899192	627.9417055681333
7.18	3580.2673911806546	640.0504423465724
7.2	3580.98292181689	647.8060301258978
7.23	3581.954643700832	658.9853732150194
7.26	3582.773010178365	669.513455311371
7.28	3583.2180643925353	676.1091486194182
7.3	3583.600420108051	682.3700282494499
7.34	3584.2117179248576	694.1344979262989
7.38	3584.6615090846217	705.2198597428214
7.41	3584.936921201744	713.2119863323107
7.45	3585.229279995633	723.3809628801611
7.48	3585.4057457719823	730.5897983870158
7.51	3585.546506327376	737.3636822866755
7.53	3585.6297006834943	741.6766199890023
7.56	3585.73615796944	747.9219528265979
7.58	3585.7956910733988	751.9523431030028
7.6	3585.85062736356	755.9035314154683
7.62	3585.899946408372	759.748320213761
7.64	3585.9418653438474	763.4491220074037
7.66	3585.9782328094375	767.0226971625598
7.68	3586.0111413904806	770.473641267158
7.7	3586.0399009040484	773.7764422967738
7.74	3586.08655493496	779.9843472398701
7.78	3586.121144327868	785.7028135225415
7.81	3586.1403302709846	789.6807069994679
7.85	3586.1600775220522	794.60551958492
7.87	3586.1676905050867	796.8915001793513
7.9	3586.176467858902	800.1355936451953
7.93	3586.1837086107034	803.2149825443615
7.95	3586.187667067102	805.1488661737704
7.98	3586.1919564326013	807.8200479851655
8.0	3586.194032986584	809.4651576060165
8.3	3586.289235967199	829.9926817667692
8.48	3586.52025456711	834.2511122549165
8.6	3586.7614168334303	835.3752649185533
8.7	3586.965630155842	835.6594277929869
8.78	3587.160345713751	835.7162312882388
8.85	3587.338714014779	835.725018819937
8.9	3587.4667611157543	835.7278737569623
8.95	3587.6080565231873	835.7307390973326
9.0	3587.76506188523	835.7332206779648
9.18	3588.4466851871944	835.7453342546207
9.3	3589.005680755231	835.7582514852708
9.4	3589.551907374311	835.7732925769068
9.48	3590.061236023377	835.7902446240413
9.54	3590.4326006202436	835.8041888603776
9.6	3590.7942785366236	835.8166248641285
9.65	3591.1347032860967	835.8262250571403
9.7	3591.4564786250894	835.8358400736906
9.74	3591.693085015456	835.8454619106849
9.78	3591.9248217445984	835.8574846347402
9.81	3592.099635735137	835.8674205850203
9.85	3592.3327253212133	835.8813855853987
9.9	3592.647195579469	835.8963544266657
9.95	3592.988709276641	835.910189384417
10.0	3593.3521984476315	835.9270479742369
10.04	3593.6905953555806	835.9446173093593
10.08	3594.10081275071	835.967768997164
10.11	3594.4817699381406	835.9887315314587
10.12	3594.630762288436	835.9974033374097
10.13	3594.8492139858963	836.0111491330968
10.14	3595.198534064199	836.0342280913374
10.15	3595.6750745695053	836.0658217751102
10.18	3597.5283838987543	836.1945911030047
