6.0	1628.6617131232765	151.12165257355184
6.1	2069.241522508063	200.02671718367185
6.18	2478.925756727379	251.51137376190604
6.24	2820.3676911413577	299.29926033894776
6.3	3196.8436720271243	356.4385513804354
6.35	3522.5571694062696	412.86041217445984
6.4	3850.189592371929	478.7655502312854
6.44	4126.31328033002	538.2738939616553
6.48	4396.303830241854	601.8945969366223
6.51	4568.172177245289	650.2080791725964
6.54	4712.0929828325325	695.078853365543
6.57	4837.545435980256	734.6597512773617
6.6	4941.009855096734	770.9676786644256
6.63	5026.143827528124	805.0928070056352
6.65	5079.970804603353	826.9926734721744
6.68	5158.2419018548635	859.0977618467773
6.7	5210.347883741854	880.3719270407382
6.72	5265.252349074213	901.948203183319
6.74	5311.81472967433	923.5362280780147
6.76	5335.513701663261	944.2643111599988
6.78	5344.539256036864	963.6444613784887
6.81	5356.48278291004	990.9575358528109
6.85	5369.336128369844	1025.1730111923853
6.86	5372.006732666083	1033.40951442688
6.88	5376.969356041942	1049.483168214219
6.89	5379.212583151544	1057.2187681531732
6.9	5381.3444506317455	1064.842141214293
6.92	5385.312325699522	1079.6210063700216
6.93	5387.112619922257	1086.6590965930566
6.94	5388.791755305457	1093.5029229440852
6.95	5390.346826549083	1100.2241562034342
6.97	5392.9413632601145	1113.2779164727294
6.98	5394.017903705605	1119.6220861781176
6.99	5395.045139885467	1125.8700858055995
7.0	5396.016694121317	1132.014555702242
7.04	5399.372125082021	1155.616476519059
7.08	5401.842173526968	1177.250448986786
7.11	5403.247155060757	1192.2114063379056
7.15	5404.700758338092	1211.1678589838082
7.18	5405.51249284424	1224.7600699254353
7.2	5405.944084852986	1233.40936720324
7.23	5406.473001580544	1245.6776516159448
7.26	5406.903653323578	1257.1169356848548
7.28	5407.1374539396065	1264.3689219620308
7.3	5407.348920947547	1271.4472933872664
7.34	5407.699078613246	1284.9957033624128
7.38	5407.963741285302	1297.6394865360605
7.41	5408.117784692051	1306.4283098449296
7.45	5408.272815965574	1317.156705850608
7.48	5408.363107527094	1324.4338045448733
7.51	5408.4322322636735	1331.1268798962635
7.53	5408.471615291552	1335.3905505528958
7.56	5408.520395001162	1341.4394865258957
7.58	5408.5454800845555	1345.2078052213685
7.6	5408.5668893198945	1348.7928128322205
7.62	5408.585645886053	1352.19775511335
7.64	5408.601074199223	1355.3897045698257
7.66	5408.612453104783	1358.3207166779084
7.68	5408.62148462023	1361.050582356153
7.7	5408.629594047873	1363.630590286537
7.74	5408.640817330457	1368.1940214252265
7.78	5408.64715056218	1372.112767239468
7.81	5408.650850863433	1374.7423818886034
7.85	5408.653924374245	1377.6949147790842
7.87	5408.654800637976	1378.952743178295
7.9	5408.668521287236	1380.7045382505548
7.93	5408.696529493683	1382.1779241208053
7.95	5408.716267287138	1382.9787196472703
7.98	5408.747231803038	1384.0603706730044
8.0	5408.768776004659	1384.7053766959837
8.3	5409.2571451136355	1391.4643894425972
8.48	5409.737920247009	1391.6141845741372
8.6	5410.135794799554	1391.6216479347574
8.7	5410.496783164638	1391.628165911829
8.78	5410.804477798505	1391.6339463652287
8.85	5411.112792472305	1391.6398717981817
8.9	5411.347667026169	1391.6441993400235
8.95	5411.601473116941	1391.649032604439
9.0	5411.889385903875	1391.6548147395401
9.18	5413.321979130099	1391.6915261769052
9.3	5414.501346754289	1391.7304641892763
9.4	5415.394901239741	1391.7637850682854
9.48	5416.067939433425	1391.7919400304486
9.54	5416.581973477183	1391.815632436006
9.6	5417.182844920977	1391.8437114663957
9.65	5417.771143873331	1391.872369128977
9.7	5418.41518430882	1391.904420896801
9.74	5418.97924804461	1391.933000844429
9.78	5419.660885466817	1391.970861117686
9.81	5420.241354772412	1392.0042194306313
9.85	5421.159694023506	1392.0575276201273
9.9	5422.704780171342	1392.1501666806575
9.95	5424.775113969486	1392.2744661187287
10.0	5427.536226174226	1392.4401663474418
10.04	5430.365051036697	1392.6134396457603
10.08	5433.880371150294	1392.831177687562
10.11	5436.864073645177	1393.0185871490687
10.12	5437.881210550123	1393.083963299682
10.13	5438.920852947194	1393.1508931592875
10.14	5439.98755546921	1393.2203012409645
10.15	5441.086084341284	1393.2934026635962
10.18	5444.644928077095	1393.5311749387186
